0.15611430955006297,-0.6826374822666226,-1.1460894834301654,0.05510349044387014,1.8739930132516032,-1.2513190014732447,-0.9617904945901836,1.2032701807624544,-2.800266176415576,1.4113055244536308,-0.6145132376993487,0.1456230586710145,1.9201992053200878,1.9418015510844757,2.8241499736381526,-1.1636125214908744,0.8552115415089134,-3.15451296359808,1.5930407871360968,2.227387953937316,0.6230593061035373,-0.3082090456254596,-2.702011525315977,2.759001025926901,1.306650316851702,0.29091123961729,-0.8712759381674774,2.611405687946676,0.9091713541175952,-2.7997065816029734,-1.3501852074043685,2.9191439116656053,-3.2154085383732323,-3.2096869140825053,-0.7304882246842288,-2.3233819137397957,0.4123323137107427,-0.43309644662882735,-1.4318586821238104,2.274257840382332,0.15691491501259186,-1.395269330836711,-1.167099440185143,-2.3953002945055317,3.0123745529671204,2.0878738479155965,2.8486558334834413,2.315433233534719
numHidden 	5
numGenes 	48
minGene 	-3.0
maxGene 	3.0
popSize 	40
maxEvaluations 	20000
mutateRate 	0.01
mutateChange 	0.05
seed 	1552912229681
random 	java.util.Random@5f05700a
neuralNetworkClass 	class coursework.ExampleEvolutionaryAlgorithm
Training Set Training
Fitness 0.12663055346027552