-2.1963337451689897,-1.6596354121859116,1.6358842307062889,-1.6300192956978978,-2.008807536639354,2.1774008468299435,-1.0871789977353195,0.04684649625335684,-3.2263933993984812,-1.3814144211265,0.16302418854080064,0.23819880881931416,1.296644190239117,-0.216292569941278,0.44062345722385626,1.1682743540168616,-2.096692725825779,-0.3932453443245545,-0.20508028043862836,3.4524456218667563,-2.818239284998242,1.152462392232838,1.7941577048539183,-1.3235200354148478,-0.6877312972062763,-2.1218984534419696,2.1690367896127913,0.7286006044674409,1.1872819646013866,0.5406936300769725,-1.8860630923294248,-1.8594088527801118,-1.2216067468114649,2.508817023190284,-2.022805776248907,-0.5030868947374767,-0.2890104166298237,0.6346590814668618,-1.0973794462967617,0.5610451598943825,1.2320367009602962,-2.2740529574021364,-2.9971767732643952,-2.804016788795428,2.018543798459974,2.8788819276810456,0.9507365856502865,0.12107777348395447
numHidden 	5
numGenes 	48
minGene 	-3.0
maxGene 	3.0
popSize 	40
maxEvaluations 	20000
mutateRate 	0.01
mutateChange 	0.05
seed 	1552909868855
random 	java.util.Random@54b6d9c5
neuralNetworkClass 	class coursework.ExampleEvolutionaryAlgorithm
Training Set Training
Fitness 0.13028495926292266