1.8105115387331034,0.7373491953385831,-0.4390575968389484,0.8699939208037031,-2.3921601423202414,2.418421125461874,-1.4164831172757488,-0.42550023522363645,2.090032417901593,1.2048075607397988,-1.4091907548048994,-0.9384770564677913,-0.6810156642705198,-0.5998579137037441,-1.061113897626899,-1.5579368449498034,1.038429965737244,-2.252600217551586,1.4984544384872542,1.0954753374358197,-1.259374193847456,-2.5852875394551322,-0.6221763424128699,-0.9637435648902833,-2.372076646711945,1.8115688245274197,-2.129587590309169,2.297074242714986,0.01086926522024502,2.051157627433885,-2.874722129439526,2.3615725862609134,-0.24248131086537905,-2.9054634535540433,-1.9190656974636546,1.419155420085737,2.5691924604080354,-1.3302723247381982,0.8320336653734601,-0.9598717497348221,-1.0440413223208573,2.3037678747566446,0.9652678348880657,-2.0667570061024962,-0.6793375472241736,-0.8618437984693332,-0.24484148453254523,0.5988691153976056
numHidden 	5
numGenes 	48
minGene 	-3.0
maxGene 	3.0
popSize 	40
maxEvaluations 	20000
mutateRate 	0.01
mutateChange 	0.05
seed 	1552912890403
random 	java.util.Random@59eb334d
neuralNetworkClass 	class coursework.ExampleEvolutionaryAlgorithm
Training Set Training
Fitness 0.13521947177876525