0.8986780928634002,2.393679088943305,-0.3294884929641446,0.29397688282626466,-1.4334531645530186,-0.6953187033749454,1.7534659212366344,-2.117883049010409,0.863732452864036,0.9700805614257391,1.4792931977839436,-1.882422604960264,-0.9907791165369704,1.8642775364073625,1.2522013721339331,-2.3528744674339217,0.4972281506991013,-2.6076228078946917,-1.900015005774147,2.6794795356471877,2.430904347806072,1.4837609808645935,-0.7797294493760611,-2.1952662808593084,-1.3337749891002664,1.6405113103959752,-1.1428881505130517,-1.0051979853782986,2.4180149923058645,0.66323502751841,2.794054270160438,1.8462918373844681,-0.25472363168618833,-2.4735598953419076,0.6087748761884317,1.9205833834010648,-1.0642680358554792,-0.5372684365140736,-1.0191134945826505,-1.7332556312332117,-2.500270988725838,-2.910298201055825,-1.121519935850411,-1.9187268290122266,2.9113800633003377,1.625497866315904,2.370462138555836,1.3145224477623596
numHidden 	5
numGenes 	48
minGene 	-3.0
maxGene 	3.0
popSize 	40
maxEvaluations 	20000
mutateRate 	0.01
mutateChange 	0.05
seed 	1552910715539
random 	java.util.Random@65a3a55d
neuralNetworkClass 	class coursework.ExampleEvolutionaryAlgorithm
Training Set Training
Fitness 0.12114945920484214