-2980.767607189452,-1897.5178340171587,-1761.0724712557849,-523.6953378129928,-813.0401807383912,4131.4171532678465,393.8251192934904,640.2118510130733,-76.55945359403269,-2276.852720723724,-2452.4857012813322,-4801.227093243508,777.2716650310604,2019.4727454568288,268.48288803572075,42.89059785227059,-2827.8712407200846,-1273.5484913123908,4434.672555079947,2630.116548649795,737.3681313558674,5937.442637502485,-2628.7243245278873,2429.7651687729485,-1203.4074678355814,-1442.9822162146993,-1443.2957739344204,-2318.382351084847,5088.958380291382,3835.826861707535,-1478.4600385724689,-40.516038619878934,3145.2073302008125,-1336.7625790314378,5595.070384348928,2600.517736907658,-3196.2541550556202,-2722.804043404133,2522.495600191655,684.0061040968076,-161.87846701176085,383.7689008945698,5979.869408838924,544.3498235882155,2046.9634976125976,2377.220620731894,-1967.4096603324283,502.65538455690904
numHidden 	5
numGenes 	48
minGene 	-3.0
maxGene 	3.0
popSize 	40
maxEvaluations 	20000
mutateRate 	0.01
mutateChange 	0.05
seed 	1552914204392
random 	java.util.Random@50ee7fa8
neuralNetworkClass 	class coursework.ExampleEvolutionaryAlgorithm
Training Set Training
Fitness 0.1723904059016885