1.4422442577329688,3.514052309623496,-4.227238020437817,1.594938667896388,-0.20423132189123816,-3.7704656740982267,-3.5037148116599863,2.012756445130421,4.923206913898346,5.905171143417384,-0.5560112586222044,3.5693966791763625,-0.5816424549802459,2.03917511393103,0.06679116802983565,4.069878591481974,-1.016679083906764,4.230498747420992,2.3259315626810473,-0.5757707862390795,1.8325721475318328,-2.717574264040722,5.015115516082254,5.4173648766427345,-3.3263715039162434,0.8826551202796658,-0.31736748404906656,-2.5962584771224715,0.2007139724998117,-0.2804815959486735,-0.646478944046402,-3.8780342039834848,-3.716084006166523,-4.666177984648902,-4.564558750033509,-4.898099074907535,-0.8425774438536697,0.5206403559551784,1.250524374010375,-1.7108529227061462,1.906522887203817,-5.814760927134365,0.5690472310143893,3.5391138186848803,3.474146201827037,5.822143899813616,-1.670616941213841,-3.464745398215334
numHidden 	5
numGenes 	48
minGene 	-3.0
maxGene 	3.0
popSize 	40
maxEvaluations 	20000
mutateRate 	0.01
mutateChange 	0.05
seed 	1552951105475
random 	java.util.Random@8416865
neuralNetworkClass 	class coursework.ExampleEvolutionaryAlgorithm
Training Set Training
Fitness 0.19422220472857937