-2.0029344521674997,1.7674142216722046,1.5144082455474823,0.7000689605528709,1.4289809279511454,0.7663264078182328,-0.10222488161826115,2.5227739907666713,1.632874256684624,1.808541209384532,0.4737021685631815,-2.130649570951879,-0.4063940558728829,1.2949651254067103,-0.7732373725831603,-1.0675024974410596,2.8709107916677903,-2.8140478869091607,-0.3793195103981155,0.6726762337422287,-1.5272502367926308,2.10936094290677,-1.806135798538559,-1.4580745425427204,-0.5491564428143336,2.0818289036816697,1.3817307117351056,-0.3983717265516482,0.3716461184866082,2.279240161207131,2.4368511294607575,2.3364117068198738,-2.014059384546851,1.1341553323640872,1.7066236326308406,0.2769140871787341,0.5276600129314555,-2.682725936973423,2.854349470573519,2.7921973901344277,2.11745652884332,0.8767929419618685,1.8732600721814983,1.0981299074417583,-2.2710308519282103,-0.03617882611139667,-1.0557828572099368,2.6511136538800733
numHidden 	5
numGenes 	48
minGene 	-3.0
maxGene 	3.0
popSize 	40
maxEvaluations 	20000
mutateRate 	0.01
mutateChange 	0.05
seed 	1552914204392
random 	java.util.Random@50ee7fa8
neuralNetworkClass 	class coursework.ExampleEvolutionaryAlgorithm
Training Set Training
Fitness 0.18681038513214576