-0.5170362530990834,-0.19085353050117881,1.1310242745261976,-2.4519869176677296,-2.020065502429151,1.5726649517374693,-2.178909608453452,-1.592413417612591,0.19337453454858017,0.08404201090130343,0.6200584292250522,-0.9780268934188852,-1.3840565843999064,0.09178574128274371,1.4867252402658084,0.09428452333686917,-0.5090669190048032,-1.7520648119447995,-0.43142209107422635,-1.730759030877878,-0.24496053367213977,-0.5705455733362701,-1.1761671472740018,-1.7291823258768568,-1.3228066489403192,-2.1434664740499407,-2.569288582974221,1.429366664808911,1.6503862450581024,1.9012637998209,-1.4243684624325932,-0.8381150463686875,-0.8615906327817224,-0.19122958989051658,-3.018330589863562,0.3732783755540685,1.8011104415045402,-1.4579927813061468,-2.051564399616514
numHidden 	4
numGenes 	39
minGene 	-3.0
maxGene 	2.0
popSize 	40
maxEvaluations 	20000
mutateRate 	0.02
mutateChange 	0.05
seed 	1553702078885
random 	java.util.Random@62c662e3
neuralNetworkClass 	class coursework.ExampleEvolutionaryAlgorithm
Training Set Training
Fitness 0.12641929085070971