1.7700820278527136,-0.285256486980888,-0.5824062642827663,0.43776217396347455,2.883291628372767,-0.13523228702937312,-1.7834034424200425,-2.4890028863229263,0.475729475189314,-0.9951212760993597,1.8388934377589763,1.4232523988789962,-1.0148687364941493,-2.020081949078393,-2.141778456799372,-0.7277701061647963,-1.6161737082614793,-2.7970437243094377,0.7347996014396513,2.5685345576325673,-2.401084247063877,-0.9461739541756122,0.032803036232021965,2.279952060498651,-2.46010590507752,-2.1330664183682018,-2.0382441771765296,-1.6334137564282647,0.7630493853737697,-0.417885918459069,-0.6688651715475484,-1.4234807536089085,-2.9187286391476324,-2.091529604373191,0.9055278524531027,-1.6334174648644793,1.1446949099648018,1.164805377032404,-0.9167666046592307
numHidden 	4
numGenes 	39
minGene 	-3.0
maxGene 	3.0
popSize 	40
maxEvaluations 	10000
mutateRate 	0.02
mutateChange 	0.05
seed 	1553699228294
random 	java.util.Random@2e9de8b5
neuralNetworkClass 	class coursework.ExampleEvolutionaryAlgorithm
Training Set Training
Fitness 0.1489298740290497