1.7249837777766488,-0.4394457810851551,-2.4156395112024542,-2.157477702337315,0.6281081784984666,0.8384919731559946,-0.08299592854919098,-2.9372053802731304,1.393448016134728,1.1860392443528762,-1.0092323013136095,-2.637350232301671,0.5296653233830508,0.5814655483520761,-2.373843676029953,1.3878109570718922,1.2060775527758374,-1.1917718355906977,-1.4383406971487451,-2.366694403506765,-2.977423415501987,-0.6341608651641957,-2.85941600582497,-0.5500265038371096,-2.6734261319133283,0.9478556468865849,-0.7527680190952271,-0.40112225836827037,-0.6894717673679849,1.7334563469514523,-2.0418542472673797,1.6023067605009362,-1.5532615352495516,-2.272497690619057,-1.8203859290824704,-0.21889534768521984,-1.239461348095238,1.7110673905447709,-1.3285599378028174
numHidden 	4
numGenes 	39
minGene 	-3.0
maxGene 	2.0
popSize 	40
maxEvaluations 	20000
mutateRate 	0.02
mutateChange 	0.05
seed 	1553700372265
random 	java.util.Random@682c1393
neuralNetworkClass 	class coursework.ExampleEvolutionaryAlgorithm
Training Set Training
Fitness 0.15132761116248825