-2.8414871814707503,-2.683940547900761,-1.9783524832591437,-1.9930622642597926,-0.5874151926460809,1.5653931274728383,-2.1477664787087853,-1.46807121614928,-2.485309221066349,0.4646737507273076,-0.4449146774668008,0.49488650286473324,1.276733854621192,-2.777461621331861,-2.9189209740911783,-1.0074589251664314,-1.44649815907974,-2.804507897352748,-0.1937634825371899,-0.7883087255503058,-2.4860924365054196,0.8721997565876956,-1.1277657529154883,2.8247180868495545,-2.221257865679611,-2.842591668221288,1.2521823104922474,1.884086489527574,1.1701703904497402,0.25696623020096165,-1.4701667420866427,0.5332517564553598,-1.2146788887853488,0.409541419361757,0.6174394238579284,-0.9270191197469153,-0.1376179256025038,-0.12336433778640012,1.052000917092993
numHidden 	4
numGenes 	39
minGene 	-3.0
maxGene 	2.0
popSize 	40
maxEvaluations 	20000
mutateRate 	0.02
mutateChange 	0.05
seed 	1553702078885
random 	java.util.Random@62c662e3
neuralNetworkClass 	class coursework.ExampleEvolutionaryAlgorithm
Training Set Test
Fitness 0.22402670440268177