1.2999750199735998,-1.6350699133508784,-1.1570209480391986,0.2998383712984749,-1.6768065432865356,0.09801916893711962,-2.3410654881878026,-2.8786082028962854,-1.2391173696161066,0.9647538261443305,-2.4474618486402466,-0.3302733212722168,0.26951161106755106,-0.2512864995057551,-1.8993076246763831,-3.0263069687115385,2.6802255628877116,3.433677726508706,-0.6161726130556744,-1.7658959200891464,2.5796466969479726,-1.018277698356916,-3.0959449317569265,2.2544022278688347,-1.0679156637485365,2.85784144532046,1.4872967680838296,1.0189808881136866,2.242923548494719,-1.290519788630677,-2.833120331195368,-2.47698046602855,-2.724769465583587,2.189437823438052,0.36882563002034924,-2.856924594217732,-0.6156723507404611,0.6143013212591686,-2.252749749861655
numHidden 	4
numGenes 	39
minGene 	-3.0
maxGene 	3.0
popSize 	40
maxEvaluations 	20000
mutateRate 	0.01
mutateChange 	0.05
seed 	1553695937179
random 	java.util.Random@74f0a76e
neuralNetworkClass 	class coursework.ExampleEvolutionaryAlgorithm
Training Set Training
Fitness 0.12880506400739952