2.9440422009786733,-4.006057976089417,2.639064115107016,0.43640779366170257,-5.968165770773696,-2.9889744974158345,3.504006843053705,2.2448398355593513,2.716249167805453,-4.12355100987512,2.9627894532909256,0.15435896961443119,-4.800718275561036,-3.6327731580091998,1.145492495668079,2.621246457222932,0.11795430153796937,0.3182902530757561,-5.0273873733574455,3.0513776909356363,0.7420182981491994,0.19634315737529828,0.4234643672884921,-5.060662982985944,2.495475389117325,-0.5723493481427737,-5.9906133708390525,-1.2562183000118772,2.695804304238298,-1.5746708271296441,-1.6808095272245414,-0.4981180348967138,4.1642931603843545,-0.5067485325337722,-1.654087695942048,-0.8090066002448486,-1.0683483218405154,-1.8569576165553232,0.7006869660534001
numHidden 	4
numGenes 	39
minGene 	-3.0
maxGene 	2.0
popSize 	80
maxEvaluations 	20000
mutateRate 	0.2
mutateChange 	0.5
seed 	1553703724945
random 	java.util.Random@1591943c
neuralNetworkClass 	class coursework.ExampleEvolutionaryAlgorithm
Training Set Training
Fitness 0.015596507973777101