3.135253393003552,-1.2292968361923762,-1.8278319502478455,-1.6076813767930278,-2.196591235448582,1.0373068357418336,-0.5971076058558357,-2.909420325436959,-1.4573107644570147,0.6578717017268352,2.7846894887400024,-0.18981943725262534,0.127269191442757,-1.0843822603531972,-0.6935721147185252,-2.2006203411530834,-1.1433107247006267,2.0861305661020495,-1.5417152495051523,2.365229453937487,1.766849268185631,-1.8322520426898536,2.5557334476741236,-0.6259209179478942,2.3323460433730006,0.7315419664708578,-0.4860631933751793,2.431522719741812,1.207418774095856,0.5703423318862623,2.7113365919153045,0.23950861586242056,-1.3062584338351007,1.625797435101302,0.22377945507427566,-2.788058952233439,-1.0648968204964189,2.410462451709371,-0.1137564955320668
numHidden 	4
numGenes 	39
minGene 	-3.0
maxGene 	3.0
popSize 	40
maxEvaluations 	10000
mutateRate 	0.02
mutateChange 	0.05
seed 	1553699228294
random 	java.util.Random@2e9de8b5
neuralNetworkClass 	class coursework.ExampleEvolutionaryAlgorithm
Training Set Training
Fitness 0.12733971512605147