-2.294333806069467,-2.017480947553691,-2.171035842392125,2.049605543241511,-2.3366317188603953,-2.255432868603461,-1.1758394677984576,2.780807896358578,-0.3817638962732945,1.8779570110717299,1.128243483232792,0.08147294063582915,0.17804169860914598,-0.9403279237937284,2.0457985503533633,-1.0781555206922573,2.8874512375346795,-2.3835422018008585,-1.9946841910771231,-0.48450294363584107,2.486152803765716,0.1584307580989185,-1.34948619396124,-1.87546928916361,-2.349695391605307,0.3098966523996369,-0.30606221763127284,0.9486171915248491,-1.777072927860197,-0.9405986384738583,1.4297462083649939,0.8177352419492943,-2.0196711567886165,-1.532556012596772,1.0155074596179778,-1.907211589577722,-0.7405092062716496,1.0613429028192398,0.4195649443407321,-1.9084858298510954,1.8200101112540288,1.4161480227253918,-2.728873510328578,-1.2760965139755516,2.5480578185897373,-1.02337290434124,0.8293411138734816,1.4562711990245083
numHidden 	5
numGenes 	48
minGene 	-3.0
maxGene 	3.0
popSize 	40
maxEvaluations 	20000
mutateRate 	0.01
mutateChange 	0.05
seed 	1553695269511
random 	java.util.Random@54a9ec12
neuralNetworkClass 	class coursework.ExampleEvolutionaryAlgorithm
Training Set Training
Fitness 0.10813936227824532