1.7643258626928213,0.9784563422400425,0.14242393396508946,-0.11577020398199878,0.6431986317994534,1.2123705371676619,-0.3221720074083221,-0.5352516402442077,1.8512155516847832,-2.138140711945743,-0.04499363722950385,0.27006719298375276,-1.9586286903136665,-1.0788943808592633,-1.836827830967452,-2.9212956868349695,0.7470719927603451,-0.8484038306953408,-0.03827291403469482,-1.2129633752511977,-1.0534686611215829,-3.1134344818264084,-1.7887000887003175,-0.08609208052273153,1.0781587310767116,-2.6228812402899075,-0.2211863668707978,-1.557562940604464,-0.5010390070670447,-0.7794572743002306,-0.47684500365068666,-1.6326294239368928,-1.535104973499665,0.6372895231902163,-2.3544404676320045,-2.142080509276057,-1.2197283394447174,0.7203471369828591,-2.752387270542079
numHidden 	4
numGenes 	39
minGene 	-3.0
maxGene 	2.0
popSize 	40
maxEvaluations 	20000
mutateRate 	0.02
mutateChange 	0.05
seed 	1553700372265
random 	java.util.Random@682c1393
neuralNetworkClass 	class coursework.ExampleEvolutionaryAlgorithm
Training Set Training
Fitness 0.09411847036995007