2.8851819113817614,-2.025361675647392,-1.0417498131125633,2.7903197526546135,0.72194200294489,0.3697891305483276,2.179616541028248,1.9387808900431438,-1.134345640173799,-0.1667519037753205,-0.41430472709630217,-1.576036972791005,-2.4759618277245803,1.890556897793784,2.419859824380337,-1.1370382963812198,-1.167546093828046,-0.6901395301902873,0.8468977456747775,-1.5666584213844943,-3.025573772792212,0.769842850264256,2.079047735155404,0.28677789408851906,1.638653720732908,0.6993044325325579,1.9261061469584828,2.586173167388403,0.742890732852074,1.7898072538460748,2.7419443686971094,-2.3971923341291337,-1.283522223701422,-0.742673488784849,3.0482554537494435,-2.1682074948457304,1.5286818423963027,0.8499547878340397,-1.128479140555592,0.4460986168110905,2.3840129143520716,-2.6316465847233266,2.769067893395742,0.015843317872417537,-2.1708960540753197,-1.1766282930800918,0.4096891472962415,0.9814988913103686
numHidden 	5
numGenes 	48
minGene 	-3.0
maxGene 	3.0
popSize 	40
maxEvaluations 	20000
mutateRate 	0.01
mutateChange 	0.05
seed 	1553623432814
random 	java.util.Random@1a837720
neuralNetworkClass 	class coursework.ExampleEvolutionaryAlgorithm
Training Set Training
Fitness 0.28009417494986916