11.798549678756274,-3.4030608576563974,-2.8327046057194547,-3.1533556931379616,5.182700594094339,9.439357288635495,-4.791447440718672,2.915510080296985,-8.656697071861782,3.180497568780818,6.378566706941129,-5.806614400605788,9.837811216558555,6.344285011978073,-9.799956071881057,-16.631616081568147,-4.662466215487468,-3.344908213445107,15.411229199272212,-8.183717593850545,10.26947534765322,15.550177683858717,-3.3682423355276487,9.098829136364342,3.8063707462514236,6.6193064789335585,-7.063977804408077,3.993471697053616,-16.41471977613735,14.16049655725272,-0.07462684864625269,13.891897701184066,-0.26800784838552083,3.712743402397227,-1.5626852888566685,-8.17331656095449,11.86535380652165,13.598432108645842,0.0767826096574491,-7.692816787871197,18.752525810140572,-0.8199671375823376,-3.648591117783435,8.567701593161392,-10.31696118864855,1.7075338171968735,5.83960759325681,2.752842201087107
numHidden 	5
numGenes 	48
minGene 	-3.0
maxGene 	3.0
popSize 	40
maxEvaluations 	20000
mutateRate 	0.01
mutateChange 	0.05
seed 	1553616926244
random 	java.util.Random@33f55679
neuralNetworkClass 	class coursework.ExampleEvolutionaryAlgorithm
Training Set Training
Fitness 0.1609540777589854