1.6629797337143382,-0.8921481342651072,-1.8153339929152308,-0.8339591213701956,-2.069522350317758,-1.3641499782843372,2.2341859311343653,1.9303562900164786,-2.815547350002625,0.8146231125056762,0.39238803514782267,-1.7177189501956855,0.3701883551483374,-1.426755457003835,-2.69946883356219,-0.8789666563013547,-1.9358539079676427,2.5022343484367777,1.034996250241388,-1.2691821521091382,-1.5765974389604298,-0.1197110431021244,1.1655781868086887,-2.595243663144186,1.1355332417276318,-2.9625980997080354,0.2480063465707545,1.986795942002488,0.37859602302354894,-2.1130184632282685,1.34296653495538,0.6890039645517927,0.8379812068872248,-1.9439442661856414,-1.5652447755144399,-2.2681052559468435,2.051502269170487,2.82663474661004,-1.458939843751159
numHidden 	4
numGenes 	39
minGene 	-3.0
maxGene 	3.0
popSize 	40
maxEvaluations 	10000
mutateRate 	0.02
mutateChange 	0.05
seed 	1553698982705
random 	java.util.Random@67434a0e
neuralNetworkClass 	class coursework.ExampleEvolutionaryAlgorithm
Training Set Training
Fitness 0.14138183469307647