-0.055396355765458594,2.059282080157847,-0.8440486122098658,2.179767842060356,1.4874027929391371,2.9215621100431752,2.3081718245624057,-0.38721845248567205,1.6460251709539642,-3.162804945527473,-2.432580096420173,2.3038450521993203,4.198843610223675,-1.6707034247282424,2.516054714404178,-2.4096441472124126,0.04549626289258485,-2.369531776353484,-0.1646936227431473,-1.3388971840288786,0.6339632162008548,-1.9772283853746664,2.994466271669448,0.921823914958148,0.4241189472252504,-0.8370297770996891,3.398209508364052,-1.1547856275516677,0.04999869416006897,2.4848454086522453,-0.4182056979484557,2.54889925386151,3.190257659196438,0.5285990890393171,-2.149852013914689,-0.33683695505708194,0.5356772696741638,-0.5925395369793178,-2.9856104912827814
numHidden 	4
numGenes 	39
minGene 	-3.0
maxGene 	3.0
popSize 	80
maxEvaluations 	20000
mutateRate 	0.1
mutateChange 	0.2
seed 	1553710011141
random 	java.util.Random@43620938
neuralNetworkClass 	class coursework.ExampleEvolutionaryAlgorithm
Training Set Training
Fitness 0.07477764106849451