1.4271835359047147,-2.0971029712644205,-2.0049922778285643,1.2427161731702627,-0.4575693740876533,-3.0423373609642357,-2.8778727566082294,1.6403851111817143,0.9559519862611077,-0.12912209128337748,0.5297296022202482,1.354333969503803,0.8129985339899879,-1.5240679948701152,-0.4707368647475219,1.3299147682895207,1.6762368041843692,0.6945497835490965,-0.7041341690363885,-1.9601038877063777,1.2395523100966777,-0.18903090136366263,-3.0629781970612857,-1.6077072620522932,1.4328966035766877,1.4264629715680985,-1.51843835169096,0.3028461681926988,0.41979489242629964,-1.0953380731245501,-2.49756086250352,-2.966666582973569,-2.073173090809377,-2.6738586656876615,0.5775394249841301,0.033013694747624375,0.33833996659100257,0.03499197723698444,-1.6101566452994904
numHidden 	4
numGenes 	39
minGene 	-3.0
maxGene 	2.0
popSize 	40
maxEvaluations 	20000
mutateRate 	0.02
mutateChange 	0.05
seed 	1553701450118
random 	java.util.Random@7a5c5dfd
neuralNetworkClass 	class coursework.ExampleEvolutionaryAlgorithm
Training Set Training
Fitness 0.13031486064576395