-1.518010504895274,0.9528865728424938,1.6082608306409965,0.33064026613896447,3.392247171178065,4.054128695355505,-3.159136684243564,-0.4374882290962767,0.7123362308139769,0.11736041876500192,-0.439968665252211,-2.4186024337935663,-0.7679117955433243,2.6490716002591133,0.9724340725384462,-1.531965391521958,0.7523140344452588,-3.195088056632462,0.6069717510519363,2.914727057283012,1.3973113392295535,-0.19180353239059045,2.2225830071583728,3.3100470624534855,1.689293334761853,1.2989861506606122,0.9351845343647036,-0.7927520377860695,-3.284284086441008,2.5771916383803726,1.2673022248831418,0.16679363932518054,-1.557544912985367,3.8966380744337785,-0.09422864430001487,1.1729101789809864,1.3469372056161504,0.7752135123853283,-1.5810816517756807
numHidden 	4
numGenes 	39
minGene 	-3.0
maxGene 	2.0
popSize 	80
maxEvaluations 	20000
mutateRate 	0.2
mutateChange 	0.5
seed 	1553704039698
random 	java.util.Random@593d8c95
neuralNetworkClass 	class coursework.ExampleEvolutionaryAlgorithm
Training Set Training
Fitness 0.12546878103766748