0.3189677032184381,-1.1733627845884624,-2.002163043386926,-1.6663790221288302,-1.7625577933202956,2.3410456224204994,-1.1494875434494822,-2.4376716764252144,-2.3672548031705793,-2.2014828334992167,-2.3249174775286514,0.9244758851569745,2.149059752626937,-2.175872192315531,-0.8559612235891909,1.4626214469641854,-0.33555797561370965,-3.278346240203505,-2.3954453603310997,-1.781428285899766,-2.249591376110561,-1.0745950401254583,2.248602375480788,0.35158933564870437,-2.6955614578679303,0.914223137016354,1.186154326604837,0.9618171230260912,1.1049932356203496,1.4796937270416421,2.5486641586291476,0.8331456363841689,-2.394869752970254,-2.546188778128714,-2.0767550667569603,-2.1157484030797624,-1.6562954187896084,0.2314864595006917,1.8139833719688592
numHidden 	4
numGenes 	39
minGene 	-3.0
maxGene 	3.0
popSize 	80
maxEvaluations 	20000
mutateRate 	0.02
mutateChange 	0.05
seed 	1553709024017
random 	java.util.Random@7fa24ad0
neuralNetworkClass 	class coursework.ExampleEvolutionaryAlgorithm
Training Set Training
Fitness 0.16377889693533232