1.6627006980214523,2.1090615695334485,0.8391071577410734,0.3873865620037935,-1.7923808267103984,-2.0761986629795075,1.9398447241455727,2.9137985897211456,-0.2617118247342649,-2.206808120997206,-1.9443260372563953,-1.6501668836734358,2.2150417479437117,2.2015699099578905,-1.1261671369133892,-2.1740745248165996,-2.8597043888791163,2.8309421517384106,-1.2969821125775332,0.022771125383730606,0.6035535120334368,2.1300906357339384,-0.23401307585690656,-1.4167965539783238,-0.43731944422511937,-2.469609492788655,0.9779090599150044,1.038185500279134,1.2349141541576092,1.1168714453436692,-1.0498555399506788,0.5075944528506993,-0.6871134884612435,1.9517274959205348,1.7696893846559112,-1.4560975268465062,2.240237154760294E-4,-0.4263471834666528,0.3525621342031897,2.5317800239402484,-2.4219087777360704,-2.5399501260629305,-1.14504267242925,2.039066956801964,-2.631662400091144,2.4403319344806196,-1.250959423450126,1.4344803393184824
numHidden 	5
numGenes 	48
minGene 	-3.0
maxGene 	3.0
popSize 	40
maxEvaluations 	20000
mutateRate 	0.01
mutateChange 	0.05
seed 	1553617286431
random 	java.util.Random@33f55679
neuralNetworkClass 	class coursework.ExampleEvolutionaryAlgorithm
Training Set Training
Fitness 0.2517388453885018