0.41750490017702613,-0.9921812096409137,-0.48883613097780954,-0.6362396346932606,-0.49167278133574444,-0.6831226204357208,-0.7120272664077487,0.5217113704054472,0.9598419626445971,0.6533703598127183,-0.995547373861611,-0.38516624243544917,-0.465945709753937,-0.754882937168768,0.03172775699317021,-0.7807741500381022,0.14678527024115828,-0.17437571794037549,-0.49609347175697094,-0.11161581841940027,0.023005737012304683,-0.7756557119015963,0.47986358455058187,0.9268271007922488,0.528533382369192,0.6643042677162128,-0.7988583629794785,-0.7262915773766401,-0.3740923222346797,0.7939265871596819,0.7682023444061932,-0.1632829157106359,0.09171093629785765,-0.47756291798066247,-0.1720411668386867,0.8903859961755891,0.3845564714848113,0.8833358232792048,-0.6512760633352273
numHidden 	4
numGenes 	39
minGene 	-1.0
maxGene 	1.0
popSize 	40
maxEvaluations 	20000
mutateRate 	0.02
mutateChange 	0.05
seed 	1553700803059
random 	java.util.Random@23a2afd4
neuralNetworkClass 	class coursework.ExampleEvolutionaryAlgorithm
Training Set Training
Fitness 0.2675828479901318