0.005740426993964751,1.3792331803750273,0.8633589302324978,0.03222269037545514,2.8228026080234034,0.2259758108911773,-2.7220610224865416,3.296872521357944,2.0035472123480877,2.7099579177749176,2.7955109674172363,1.2454602317532433,2.3173624403395303,-2.02630177485439,-2.0267207545823096,-1.0602319085450147,2.700852549253611,-0.1993071067117958,2.6407613117370765,1.0795820847502997,2.600764016756602,1.3390046598634806,-0.6622339965735367,0.7382191872663793,2.4774951988663236,0.8288511694207992,0.9136315377636732,1.3075657762045816,2.3579461062589786,-1.7275368795509087,2.4747238840635495,1.0063271908137956,2.844825343971226,-1.6877836580342973,1.1293042915230358,0.9766702510712311,0.4453901746574395,-1.1017269832599619,-2.9715160648195678
numHidden 	4
numGenes 	39
minGene 	-3.0
maxGene 	3.0
popSize 	40
maxEvaluations 	10000
mutateRate 	0.03
mutateChange 	0.05
seed 	1553697967854
random 	java.util.Random@7a1142e8
neuralNetworkClass 	class coursework.ExampleEvolutionaryAlgorithm
Training Set Training
Fitness 0.21085577838173553