3.0358584398715838,-2.2314519605288723,-2.174282737069465,0.9036032256998037,0.3449398986590195,-2.2856581510019254,1.2535302048908241,-3.144632884704726,-2.254187913537169,0.1631116275609125,-1.6406817671521727,1.7857558189235065,1.2077673658369836,-0.7776842900235508,2.458624368919067,1.6353325638076872,0.023767873986966767,-0.14007669559860525,-1.2856276339923562,0.07961144146996181,-1.7494954269971728,-0.8696737521363695,1.869775710460235,-0.2083804769703969,-1.4980008999402485,-2.0725914276779993,3.025653102093991,-2.8111668417072253,-2.6757663528821167,-2.8719774440823373,-1.8131751056834207,-0.5133927310326609,2.8624797819211443,-1.7514784106127395,-1.133078431040822,-0.05999240706394085,2.3387443787706568,-2.8903012424176175,-2.526835481067623
numHidden 	4
numGenes 	39
minGene 	-3.0
maxGene 	3.0
popSize 	40
maxEvaluations 	10000
mutateRate 	0.03
mutateChange 	0.05
seed 	1553698193434
random 	java.util.Random@467cbcb6
neuralNetworkClass 	class coursework.ExampleEvolutionaryAlgorithm
Training Set Training
Fitness 0.14929083402597865