1.758273010450337,-0.5794850101962474,-2.6833105496841876,2.3752370283983453,-0.4249022606459462,0.7078381845685258,-2.963533543136826,0.7183882768643397,-0.1320642542077325,-1.789423432812773,-1.412553667844995,-1.3117797999399026,-2.9032914939704924,-2.692593796198958,-1.9660484669615694,-2.540821507072593,1.8975459441201672,1.9380101934552756,-0.6036418522218363,2.3171397340032494,-2.245169122902131,0.6778246671356298,-2.0257488179257073,0.8440374101998787,0.004222007379621931,-0.48081319512893067,-1.6185397191863047,1.462984963957183,2.661955379382033,-1.6658339898294792,1.8162060256647057,-2.2482044446954426,-0.7215413890557489,1.8314684289045382,-1.1639307071533171,0.9636538105025347,1.604546640071141,2.5444140168532554,-1.0585146244172743
numHidden 	4
numGenes 	39
minGene 	-3.0
maxGene 	3.0
popSize 	40
maxEvaluations 	10000
mutateRate 	0.02
mutateChange 	0.05
seed 	1553699228294
random 	java.util.Random@2e9de8b5
neuralNetworkClass 	class coursework.ExampleEvolutionaryAlgorithm
Training Set Training
Fitness 0.14423437458135202