-2.693512977739234,-0.676284365903716,1.9947684371084657,-2.491903007080689,-0.9178254740122678,-1.936780358209539,-0.1421374882285355,-0.3836828240916887,1.3533315322443027,-2.126381417300931,0.6154786563907588,-0.4266660911019433,-1.6426935029175427,0.07425125829034371,-1.89449307074618,-3.0870153556377384,2.0967724037997795,1.5641491183793221,0.6205586919192823,0.33591455078504023,1.6864261411454793,0.8138460102685796,-0.0290565683551674,-0.7203345018704346,-1.5750258110919086,1.0951611137687842,1.7401589554740133,1.4871495126906866,1.4173379343659007,-2.654974359294465,1.673940521451557,-1.5885194244481895,-1.8629503505846219,2.088535295230656,1.3995809424784986,-0.8101411752101819,1.41510049318516,-0.8932474229603045,0.7591437445624762
numHidden 	4
numGenes 	39
minGene 	-3.0
maxGene 	2.0
popSize 	40
maxEvaluations 	20000
mutateRate 	0.02
mutateChange 	0.05
seed 	1553700372265
random 	java.util.Random@682c1393
neuralNetworkClass 	class coursework.ExampleEvolutionaryAlgorithm
Training Set Training
Fitness 0.09485956358845364