2.560155301872995,0.9453362735348092,-7.201815932914041,-4.428121493710686,-3.924696259182337,-1.0522932184071205,-1.0235535380870382,-0.6448339165474524,2.2384304633594985,2.7491588815710735,-4.031530623374677,2.574253772868874,2.2129287980191332,-0.16545780173440194,0.6933252603113669,-1.7897927985107556,-4.374706304887286,-0.3746301448713263,1.2839597063262422,-2.6677589739323184,-3.3809755164106274,-2.6808329956016244,0.6386696231181519,-4.527344336869816,1.7475565778124356,-2.260605287539061,-0.8442600681507244,0.6227151289655186,1.177931441020477,0.3036454491973597,-2.3374980283020816,0.859996805201829,2.2638294483606938,-1.656215856595658,-0.22238746968455292,-1.9906588627075243,1.6647539731175875,-1.581067019726707,-3.2958573551982893
numHidden 	4
numGenes 	39
minGene 	-3.0
maxGene 	2.0
popSize 	10
maxEvaluations 	20000
mutateRate 	0.2
mutateChange 	0.5
seed 	1553703615295
random 	java.util.Random@44854556
neuralNetworkClass 	class coursework.ExampleEvolutionaryAlgorithm
Training Set Training
Fitness 0.1391368329472308