-1.8872362592304701,-2.1465648472018968,2.015376176641923,2.19019889666221,-2.673352331272753,0.8229539925939857,-2.2434242459315645,0.5526271181650115,2.699654287253789,-0.580470894338839,-2.4614973079399647,-2.1116498424268686,-1.526086574095166,0.4438135235755768,-1.8805048498050767,2.7519425882708086,-0.12942059838058895,-2.156307934464513,0.7351538649321359,2.7746392379280334,2.231093511794038,-3.0887913446888344,1.309378526987792,1.7705929579340538,-0.13570293415940843,2.25211915020079,-2.7438160216155483,-0.2755358985894407,-2.7905615112862256,-2.211545882309077,-0.15491086780571595,-1.910765209007855,-1.8513223259616058,2.9201119064306775,1.1038163608673597,-2.0940572685150998,0.19121383189589708,2.272951641499179,3.0682832366491164
numHidden 	4
numGenes 	39
minGene 	-3.0
maxGene 	3.0
popSize 	40
maxEvaluations 	10000
mutateRate 	0.02
mutateChange 	0.05
seed 	1553698982705
random 	java.util.Random@67434a0e
neuralNetworkClass 	class coursework.ExampleEvolutionaryAlgorithm
Training Set Training
Fitness 0.12912719135317077