-2.2796174383458476,1.2040952199761803,1.5578628129328969,0.31250307374008246,1.3519372063672652,-1.6629463038244936,1.1822219902930342,-2.5279847844938628,-2.3711428541789448,2.7726478715771545,-2.6226210268159695,0.18598531062829216,-2.672484533549973,-1.9019649879438085,-2.5304090535710473,-0.6796960331883692,1.777140601496075,-0.10847060092605716,-1.4682479798798684,2.1729499001920134,2.4472242246997613,0.19044700442184598,-2.2351930344183657,0.816209338798711,-1.9617915997966158,2.5467721478724146,0.7736724918148492,1.5026639222080267,3.0628902321011404,0.24548633789255286,-0.2102454447058969,-0.0021274630558242164,0.6196548173795766,2.4959491716144493,-2.1254301592180305,-2.3930271695306655,1.8598198690933236,2.3297641659224144,0.8089030876334029
numHidden 	4
numGenes 	39
minGene 	-3.0
maxGene 	3.0
popSize 	40
maxEvaluations 	10000
mutateRate 	0.03
mutateChange 	0.05
seed 	1553697967854
random 	java.util.Random@7a1142e8
neuralNetworkClass 	class coursework.ExampleEvolutionaryAlgorithm
Training Set Training
Fitness 0.11229662444404044