-0.3870032273215304,-1.1024592103157593,-0.29343715132550674,1.6380996509573735,0.9596638865437594,-1.1101347544906972,-3.140039766834908,1.1227521361840307,0.020387585863318805,-1.1594599431273707,1.424591986449819,1.8977047528926698,-0.3642447087836255,0.770290601153635,-2.25495690356211,-0.3603758168660684,-0.8898973678938029,1.5776071701577878,0.9201588234968967,-0.864228443084575,0.4600009132319727,-2.154751856111746,-2.6286646173196777,-1.6825956372492687,-0.029445896747731487,-2.7905688553734844,1.3739953998511314,-2.872034106558759,-2.0945408214931076,1.657440463545939,-2.7306088344924064,-2.583114521014252,-1.776772428792004,1.4461377514486948,0.2834516562958604,0.7047004218209141,1.6146629206962744,0.8668708194077206,-0.40479104486817974
numHidden 	4
numGenes 	39
minGene 	-3.0
maxGene 	2.0
popSize 	40
maxEvaluations 	20000
mutateRate 	0.02
mutateChange 	0.05
seed 	1553701531906
random 	java.util.Random@7cc325c
neuralNetworkClass 	class coursework.ExampleEvolutionaryAlgorithm
Training Set Training
Fitness 0.12726001373344456