-1.5409058870638315,-2.716518665676862,-0.8345445867813979,-0.7046456796914411,1.104330843664544,0.3064453365675897,-2.2274823446058907,2.0419128420054045,-0.7581639339569035,-2.5391197609208267,-0.7505994415392371,-0.9259371961765945,1.7912438015407102,1.8159611443417751,-1.9478589136947468,1.2085546612866565,-1.1963483355976474,-2.406694020413898,-0.680647944017021,1.8969045631018369,-3.2275790284019115,-0.3147056283602417,1.9807278458497992,1.1300342757930153,-0.16394310905316056,-3.0310695648011383,-0.9620930681708157,-1.6247020861738233,-0.057634823874475855,1.0714064596945292,0.1799545099281209,1.1740272384979187,-1.556723275012303,-0.7859648765701219,-0.6509541902833871,0.7763582163804261,-0.45382520198972803,1.0379725210896982,0.2815045251071392
numHidden 	4
numGenes 	39
minGene 	-3.0
maxGene 	2.0
popSize 	40
maxEvaluations 	20000
mutateRate 	0.02
mutateChange 	0.05
seed 	1553701794552
random 	java.util.Random@614169f6
neuralNetworkClass 	class coursework.ExampleEvolutionaryAlgorithm
Training Set Training
Fitness 0.11827654334262463