1.9049133528732676,3.1888658828185834,-1.8081197880776159,-1.5819659332035825,1.4929676977856567,-2.136998547986388,1.6466109827903241,-3.2389344682395143,-1.105326543405339,1.8134942804061163,-2.0601248150313163,-0.16343274519026302,-1.343585773689132,1.0390748991716516,-1.2226682191148297,-0.8192368721150846,-0.7872384200882043,-0.6470557877440319,-1.1965915444007156,2.09026035026753,2.200161359340923,1.2721319631674641,2.9035997423501616,1.2554579961933556,0.42557722853106594,-0.4752555491912723,1.0787645763060782,0.9147311663991486,0.4931392265158305,-0.8283889464396471,3.231330842922068,3.190770645016702,2.3898078381008236,-2.961607319179624,1.4106108433144682,-2.2602745216164966,2.6692083892108123,1.5452785145807062,-2.75226891076984
numHidden 	4
numGenes 	39
minGene 	-3.0
maxGene 	3.0
popSize 	40
maxEvaluations 	10000
mutateRate 	0.03
mutateChange 	0.05
seed 	1553697967854
random 	java.util.Random@7a1142e8
neuralNetworkClass 	class coursework.ExampleEvolutionaryAlgorithm
Training Set Training
Fitness 0.1297668716532184