-5.019109780945161,-10.485770823484692,1.0,1.0,-0.6592316919340464,-3.1770505617483416,-0.3746530721022645,-2.4381039282008117,0.19998079269681623,1.0,-2.958885471280007,1.0,-5.059556990261712,-1.0365458349381518,-3.8249854994310457,-0.48258005206085275,1.0,1.0,-4.082403898752872,1.0,-5.537444795794391,-2.845957997991766,0.6367589865311969,0.2574623513652363,-4.241022671591964,1.0,-2.68066445270401,-6.879176770558148,-1.6004777836326118,-2.7343578878947183,0.8724468368041975,1.0,-1.898295991501529,-5.019834159855865,-9.248851925076709,1.0,-8.291073059328198,-2.9050199413584816,0.5262947772169682,-4.589556684774456,-3.4822201925529632,-8.3795338188238,1.0,-7.580218754648225,1.0,1.0,-1.6316036135144047,-0.8938342335757286
numHidden 	5
numGenes 	48
minGene 	-3.0
maxGene 	3.0
popSize 	200
maxEvaluations 	20000
mutateRate 	0.01
mutateChange 	0.05
seed 	1553617571371
random 	java.util.Random@76fb509a
neuralNetworkClass 	class coursework.ExampleEvolutionaryAlgorithm
Training Set Training
Fitness 0.16750001215388075