-2.5571217175872083,0.6229328169435038,-1.3767779121581902,-1.3922737652179473,0.33034522971960756,0.6289162845090943,-2.8403317977864107,0.1126845514376205,-0.521543656317583,-2.615146041172734,0.6490113457146476,1.1602502913001085,-2.0048849601030594,1.392727482586763,-0.11783298627138118,1.313938593663903,1.196849599677021,0.10535444365118739,-1.0224931689016121,-1.5732769252357133,1.152891901964467,0.5581741153853834,1.4780068172389313,0.41079719863173436,-0.06811218276200606,1.5083873032228465,1.315603608942466,1.4549437580013433,1.6500049265949785,0.9137321786869077,-0.5223925376175584,1.1112807659206287,-1.0396244645968,0.3121277478556784,0.1707395608964024,2.1547357552268958,1.6880507128965705,-0.7271850902526791,-1.2479739979423543
numHidden 	4
numGenes 	39
minGene 	-3.0
maxGene 	2.0
popSize 	40
maxEvaluations 	20000
mutateRate 	0.02
mutateChange 	0.05
seed 	1553701794552
random 	java.util.Random@614169f6
neuralNetworkClass 	class coursework.ExampleEvolutionaryAlgorithm
Training Set Training
Fitness 0.1062161159637708