0.5446707686067809,1.2012387527945456,-2.580322822499485,-2.0236238548721577,-2.3640794318958536,1.503623062224138,1.462585135458901,-2.3883370742953756,-3.124668257989594,-1.9498375121530005,-0.08621823187570232,-1.007125561222958,-2.019995759230118,-1.6699504493912083,0.4133575902121077,-2.781703224646737,-1.5129716614822215,-0.08096911179523102,1.4536737774028314,-1.6304505575909973,-0.17807458145306332,-2.1358801785908184,-2.4745495606984145,0.024839546595517348,-1.4917381047976785,-2.8097632043748586,-0.04643517176835488,-2.151530710947031,0.5413401203622907,0.47458672971254545,-2.5520930970951756,-2.391250277695265,1.7678188872437883,-0.0761648405310071,-1.8332890967870104,-0.15613931963207994,-2.761688190129155,1.3846574295877154,0.7681011834737714
numHidden 	4
numGenes 	39
minGene 	-3.0
maxGene 	2.0
popSize 	40
maxEvaluations 	20000
mutateRate 	0.02
mutateChange 	0.05
seed 	1553701531906
random 	java.util.Random@7cc325c
neuralNetworkClass 	class coursework.ExampleEvolutionaryAlgorithm
Training Set Training
Fitness 0.28051438043720606