1.5932800378794925,6.972205102090216,-2.964934528171473,1.3452413270250254,-1.871316334003101,-1.069318149688351,-0.04353721996817139,2.828348123834404,-0.6069022712997212,2.6759116897727466,0.11801037932946379,0.08996812785267716,-1.5093745694421798,0.8454198007702631,0.07526862006985535,3.8556802265245143,-2.5773393574873067,-0.452630239933274,-0.26808376013022395,0.16207945987490735,1.7823251310522537,0.33275954152431586,-1.384041914093977,0.07262142808643945,-0.7738410139206104,1.057725842885568,-0.8453270603679552,2.414232115484401,-0.29317156918971143,-0.38215898517882607,-1.093153084241016,3.7426605807318474,-0.2700896221781175,-0.6691446059577224,-1.7148260068377246,3.0944665623196963,-0.7085838592487157,2.557229145873311,0.21621392296134534
numHidden 	4
numGenes 	39
minGene 	-3.0
maxGene 	3.0
popSize 	80
maxEvaluations 	20000
mutateRate 	0.2
mutateChange 	0.5
seed 	1553705667390
random 	java.util.Random@6ea9b5b2
neuralNetworkClass 	class coursework.ExampleEvolutionaryAlgorithm
Training Set Training
Fitness 0.012440375939033911