2.166480676759087,2.3690419640501714,-2.218303759395484,-2.807200811959866,-1.3096202982317355,-0.5947250410094194,2.162148171503195,-0.8258079125966975,-1.0807720325134866,0.27647635285131367,0.7872789831624123,0.14165375063802588,1.924153746114444,-0.8994218440894941,1.7682968988137062,0.48900316742758615,-0.591689505099759,-0.02677243132932272,-1.4090347823697937,-1.0991410484155095,1.7340760970761266,-2.481889684822218,0.9054388091213981,-1.475462509587664,1.8271559685160004,0.01647785390805509,0.3262261988164543,-1.293398223002597,-0.5412357391263363,-1.8435403446142402,-1.7962650369037958,1.5633000564496324,1.0540706762762404,-1.2088364220094776,-2.8375556476667523,2.8176294160192903,0.7177312910893172,2.4810784825377503,0.10543501983982946
numHidden 	4
numGenes 	39
minGene 	-3.0
maxGene 	3.0
popSize 	40
maxEvaluations 	10000
mutateRate 	0.02
mutateChange 	0.05
seed 	1553698230692
random 	java.util.Random@11b5504d
neuralNetworkClass 	class coursework.ExampleEvolutionaryAlgorithm
Training Set Training
Fitness 0.13608860755354102