-1.6719820056386996,-1.0540391120738617,2.656393738930542,2.130760266215817,-0.642762287593384,1.9552870256752113,3.0166639995635034,2.227873343681278,-1.1995410868126053,2.1534019780651272,-0.3471032106690911,-1.1661597427171835,-1.1910534223228557,2.469401478775001,1.089963579146923,2.9083365406518666,-1.93734451712788,-0.7142393523870877,2.236039167337763,1.3688093814613624,-1.1496173536188705,-0.6529053695850059,0.15240344169294226,-2.0575968373082976,1.2688055302744183,-2.670237730478175,2.32832241098159,-1.9537107673968206,-2.500173804010312,1.853153953063071,-0.057526769405824824,1.1736381875481945,0.9666788763549161,-2.1461568619938642,-2.387599139492292,1.6150584587290249,0.32181113022753893,1.3100535415014551,2.9230468145983473
numHidden 	4
numGenes 	39
minGene 	-3.0
maxGene 	3.0
popSize 	40
maxEvaluations 	10000
mutateRate 	0.02
mutateChange 	0.05
seed 	1553700185229
random 	java.util.Random@77a3730d
neuralNetworkClass 	class coursework.ExampleEvolutionaryAlgorithm
Training Set Training
Fitness 0.12724986055485182