-0.2115550946272851,-2.0646889949964726,-2.90116957317895,-1.3437157963861388,0.216393726612659,-1.1757623549958693,2.8708343452243863,-1.4409149716310785,-0.9970752246389953,0.17729230899638865,2.08322342735159,-0.9496122918158321,-1.3898781311056718,-2.6475453666861086,-0.7389452930486882,-1.152709409627526,0.8653449822147443,1.2966806431593958,1.9593380510955856,-2.969411605058424,2.515988148256299,-1.1533144824534107,0.6224510755085466,0.6079371398936556,3.0043077871381145,-0.7086144552953917,2.7628747060995495,1.354955798681025,-1.7261279871786064,2.9645103023089163,1.0921665436288912,-0.3030577231028932,-1.9968882228508484,0.6912434349836338,-0.494862591018398,-0.9613257838997904,1.0336255789657696,0.8635396752319857,0.5595872497709142,-2.6408139082124196,-2.883408235144507,-1.919634838273247,0.8565616440026755,1.3754123754083671,0.7762255624829977,1.4334433939993387,0.8267641302789064,-1.7446082117727493
numHidden 	5
numGenes 	48
minGene 	-3.0
maxGene 	3.0
popSize 	40
maxEvaluations 	20000
mutateRate 	0.01
mutateChange 	0.05
seed 	1553623244615
random 	java.util.Random@271ee054
neuralNetworkClass 	class coursework.ExampleEvolutionaryAlgorithm
Training Set Training
Fitness 0.1527842729600416