1.754453328790234,-2.9209387593264444,-0.7147924013452736,-0.2643738891696425,-2.2519228109166414,2.322875414092535,0.16312609780767656,-0.6949093116752552,-1.2548416409106118,-3.0468029857109116,0.808112795174611,-2.9136110479254,-2.1674591891479635,2.2407326097781706,0.6886762393876338,-2.195763676298114,0.2590828531921268,2.440153927073233,-1.5852836485554667,-1.3498378905010093,0.8543359072581798,1.862041054778928,-1.2704266445269705,-2.8432258779805664,1.2702615515791424,-1.0068382347864757,-1.3429734454055908,-0.48618160335019983,1.611585842895604,-0.6337536148591081,2.8605461284628655,-0.5750306786919628,-1.6725425706670745,-2.7647842727183303,1.8236625786608682,1.7023843524640823,1.8091173649840977,1.271636489990797,1.1526029009388732
numHidden 	4
numGenes 	39
minGene 	-3.0
maxGene 	3.0
popSize 	40
maxEvaluations 	20000
mutateRate 	0.02
mutateChange 	0.05
seed 	1553696884306
random 	java.util.Random@54a9ec12
neuralNetworkClass 	class coursework.ExampleEvolutionaryAlgorithm
Training Set Training
Fitness 0.12913839880140332