0.8853859736312772,0.5723734441209785,1.0599211818342134,0.8438876064658585,1.7358796463667057,0.7534465519517957,-1.6966302624585659,-2.066746242670799,-0.6325440481145186,-0.45680907154206635,-0.35595968864879374,0.07323696733172239,-0.023928697071568375,0.9964309893159953,-0.5803476007780546,-2.2238595888582386,0.48253102415612864,0.8451005158296947,-0.8438039369761021,0.40996605094049676,0.489248479296812,1.6597950330214497,-1.1420389380348812,0.21287976422340915,1.5214650304234758,0.7386459770424172,-0.545953107422328,1.142614382668842,2.050587809294281,-1.5151192874346433,1.3796029423483922,0.8722790072407058,-0.7715236401916821,0.4263590579862073,-2.0318121450099573,-1.3272803662223895,1.35582286123073,1.2469489872420023,0.970527318903426
numHidden 	4
numGenes 	39
minGene 	-2.0
maxGene 	2.0
popSize 	40
maxEvaluations 	20000
mutateRate 	0.02
mutateChange 	0.05
seed 	1553700250660
random 	java.util.Random@614169f6
neuralNetworkClass 	class coursework.ExampleEvolutionaryAlgorithm
Training Set Training
Fitness 0.133099696508518