2.440790903358393,2.5121857040370523,2.5974256935065334,-1.2009417426483164,0.2418738972655044,0.3743690120772675,2.6991306974905296,2.1401643574214892,2.1318883147670826,0.22619817280540794,0.6120308366532274,0.894370731374108,1.8777716823469943,2.448580436374797,-0.9182611885792205,1.3266439432408947,0.06076688173183467,0.40807575908357896,-1.4648375667086106,-1.213433308045902,1.826117876243611,1.2701450138887866,2.387483684087221,0.36325069327680237,3.0547939417225844,2.3103087666799382,-2.348641980310507,2.5006439494924013,1.5550477767117197,1.305174181839824,-1.4214090049462016,2.8063717837908557,-0.7305563875558692,-1.782703769985498,-1.1017657851037133,1.908828846411377,-2.18113975753817,2.0518002366354744,0.6794080852578617
numHidden 	4
numGenes 	39
minGene 	-3.0
maxGene 	3.0
popSize 	40
maxEvaluations 	10000
mutateRate 	0.05
mutateChange 	0.05
seed 	1553696951466
random 	java.util.Random@11b5504d
neuralNetworkClass 	class coursework.ExampleEvolutionaryAlgorithm
Training Set Training
Fitness 0.11143682377315649