3.169108741789479,2.2242401815464037,2.833916710605643,2.8187940142471772,0.7337975599831882,2.901568350224328,2.58502301099389,1.6415598580780322,-0.27259314216836883,3.2547764798454963,2.4225553906873394,3.419535196383001,2.655609080575077,3.007975962521569,1.9057551428258912,2.827566761442938,2.782842897985873,1.2542018924785014,2.4371021971889792,2.455212186946368,2.4000108756364495,2.922333592730852,2.874897088743386,2.7389276703289687,2.922344196233997,1.8378182996096641,2.9498491385502668,2.260570372852131,1.7006389068346786,2.7149991815521366,2.8033598596982072,3.0577214528528067,3.40337799594111,2.745779412585285,2.7632235355559205,2.1675075663509995,3.0406662742815938,3.010416693846939,1.116885679454077,2.4162732069886497,1.7818962597117876,2.0484990935462353,1.742045467311999,2.7533446369496035,3.8621008077523333,2.39306252113962,3.567382439630758,2.6654070597511437
numHidden 	5
numGenes 	48
minGene 	-3.0
maxGene 	3.0
popSize 	40
maxEvaluations 	20000
mutateRate 	0.01
mutateChange 	0.05
seed 	1553621529299
random 	java.util.Random@2b3a186
neuralNetworkClass 	class coursework.ExampleEvolutionaryAlgorithm
Training Set Training
Fitness 0.2974934622533995