-2.7092288575903103,-1.5786935465152252,0.2428446765261736,-0.5415782398405964,-2.093980190224568,2.528709356263083,-1.517503706594201,-1.0095768609750242,-2.8934395403296858,-0.3774032103111559,0.682257851506771,-0.7932525566591724,-2.7802938775343327,1.3488609011536614,1.9257941469051278,-1.0483519252099835,-2.4635944513293255,-1.3853640543922512,2.8864136508106633,-2.963924496261206,2.379289122698248,-0.347997710190269,1.9310090589641236,-1.0637283525039036,1.0550511943243135,-2.1732759340343053,-0.35440990675235695,-2.938045080753283,1.3926278962102903,1.360922757366573,0.6878896610462819,2.390312537821809,2.0554838451773407,-0.010794293078179695,-1.2270838019358472,2.1499359792901185,2.6352161465329837,1.2090806066484994,0.19407546634755884
numHidden 	4
numGenes 	39
minGene 	-3.0
maxGene 	3.0
popSize 	40
maxEvaluations 	10000
mutateRate 	0.02
mutateChange 	0.05
seed 	1553699228294
random 	java.util.Random@2e9de8b5
neuralNetworkClass 	class coursework.ExampleEvolutionaryAlgorithm
Training Set Training
Fitness 0.13130397955521642