1.4034847912404427,0.7682652209734231,0.3937510289700169,-2.393318371116192,-1.5933438139881941,2.4579654179270687,1.6827168814751363,1.1378238113630708,1.3656535294090888,0.18684053957086688,-2.4790719329602924,1.306401760485462,0.5431668049097298,2.1842271934281055,-1.0285842622159151,0.757658337663926,2.4405335188750437,0.6443681614923267,2.87364011886247,-3.0484544124496127,-2.178158576243395,0.5351711031281787,0.3095992760719208,1.6187857145371303,-1.5579515997418154,-2.387041269022837,-1.4120611997550987,0.8380301596037176,-2.5488712434961345,-1.7520655155799099,-0.16415520541223677,-1.1449478220914453,-0.5338221550070756,1.5568858631087432,1.3271741335467013,2.675453394693365,1.7608267273265001,2.8689418569826426,-0.34855075427170107
numHidden 	4
numGenes 	39
minGene 	-3.0
maxGene 	3.0
popSize 	40
maxEvaluations 	10000
mutateRate 	0.05
mutateChange 	0.05
seed 	1553696951466
random 	java.util.Random@11b5504d
neuralNetworkClass 	class coursework.ExampleEvolutionaryAlgorithm
Training Set Training
Fitness 0.11964585210699477