0.502932575729913,-2.9903978368913755,-1.1108253049227403,0.8497186685023808,-1.3334512363862367,1.0784709842757596,-1.522865451020778,-0.7023871888115201,-0.26986819062934475,-1.7229355128944346,-1.903449843755293,-1.3705546739691634,-2.9132541061689134,0.19080795213012147,0.9232845453137712,-2.43672995044811,-1.8096043449813755,-3.0063809847476795,0.6698498962916639,-1.2910576508550504,0.7468847314131881,-0.5393355425652497,1.3964385433956457,-0.042715078939895235,0.06661683012719469,-2.3444897272043437,-0.7415116555927836,-1.7877479247853518,0.17939932605213843,0.2083121813033884,-2.8761736346555318,0.9996437685161579,-1.9913744783741751,0.3041959140399661,1.1597247227193503,-1.545160158385689,0.4728029191939292,0.6434395051112591,1.6959060798298982
numHidden 	4
numGenes 	39
minGene 	-3.0
maxGene 	2.0
popSize 	40
maxEvaluations 	20000
mutateRate 	0.02
mutateChange 	0.05
seed 	1553701794552
random 	java.util.Random@614169f6
neuralNetworkClass 	class coursework.ExampleEvolutionaryAlgorithm
Training Set Training
Fitness 0.03393208264746782