-0.5830499369139782,1.6137389951484784,0.4516121176309765,-0.038962667255250855,-0.2119426184893145,-2.7749396758918685,1.6731155848758332,-1.7784184459934367,-1.4108694496697416,-1.3892205839146068,-0.028643122810467436,0.16250207862756835,-2.2736004824738476,-2.7053110935892377,1.1566427805230586,0.9660214525147832,-2.851190526018692,-2.2789092415211076,-0.4852891816115157,2.0393201501711857,-3.234553945569238,-1.7583849620950431,-0.022034432264194617,0.37711041180288046,-2.2308022441311453,1.2400773389862114,-0.7699039041376929,-1.8072360260021094,-2.8763253509039997,-1.134563373667512,-0.9550303101906314,1.0425739284688358,1.9276379030821467,1.5257839148524435,-0.3441268240737133,-1.9316255368741548,-2.169408437206474,-0.3736469313743857,-2.790180996438311
numHidden 	4
numGenes 	39
minGene 	-3.0
maxGene 	2.0
popSize 	40
maxEvaluations 	20000
mutateRate 	0.02
mutateChange 	0.05
seed 	1553702078885
random 	java.util.Random@62c662e3
neuralNetworkClass 	class coursework.ExampleEvolutionaryAlgorithm
Training Set Training
Fitness 0.12205540822012638