-0.8546144628575367,-0.7756528109117162,0.8787760589669507,-1.6530481563991912,1.2839691056746334,-0.2801418226802612,2.2245287251985335,1.3018674670194617,1.7344843992928847,1.63739912998367,0.44266809098890925,-3.2496871663015,0.03037786839001884,1.4706934357824206,2.4438922599301147,2.84678022002136,-1.4182903780936824,-1.4853589253076946,-0.3183432804528051,-2.418433539577514,-1.01301780777653,-1.5358231430812128,1.1837724909671652,-1.0836944419112462,-0.24619424093337855,2.461023233626996,0.9253299180779313,-0.8993805341243213,-1.5539869119616183,-0.6183615857080642,1.2330235141502672,1.6215809096695994,2.5791377538702065,-0.6391730692902897,-1.2160009376490692,2.2076096977160917,0.5779628972648005,1.834157013945141,-0.27710609591778534
numHidden 	4
numGenes 	39
minGene 	-3.0
maxGene 	3.0
popSize 	40
maxEvaluations 	10000
mutateRate 	0.03
mutateChange 	0.05
seed 	1553697759573
random 	java.util.Random@56daa7f7
neuralNetworkClass 	class coursework.ExampleEvolutionaryAlgorithm
Training Set Training
Fitness 0.12738348659819862