3.333923308960186,-4.814008173387824,2.08745548624512,2.089391044431503,-0.8321739037741129,-4.241668547456676,5.442486587878701,-6.704816931613067E-4,2.9566328149176107,-4.495723134079325,-0.9575341925648431,1.3633264096988311,3.0225142966080654,-3.4381440711794164,-3.7069390308749988,-4.229638519014186,-1.619952619153036,-1.4002246238302245,-4.840020333543965,-1.105731013135494,-1.2691659341887531,0.34014851885301933,2.4407987939644133,0.10246734814450775,1.284755635552762,-0.19874422049990836,3.601189185331454,-3.659341922062909,1.50279712794491,-0.36043634446392847,2.4648368009368102,1.0643673846037078,1.4025539170426553,2.0773072354893696,-1.4278344373417107,-3.0312638818437714,-1.0301731764523119,-1.4697349922043108,1.9655058568506538
numHidden 	4
numGenes 	39
minGene 	-3.0
maxGene 	3.0
popSize 	80
maxEvaluations 	20000
mutateRate 	0.2
mutateChange 	0.5
seed 	1553708479973
random 	java.util.Random@1bb93c26
neuralNetworkClass 	class coursework.ExampleEvolutionaryAlgorithm
Training Set Training
Fitness 0.006872522576606008