-0.2696078344719833,1.7511705363323402,-2.6072877738907816,-2.5337117452499114,0.9098265566500359,-0.9748903951707524,1.0364341177086611,-2.884575654950303,0.6157937315880182,2.3518083766306956,0.5957345057298016,0.7651796398097195,0.07147189813234894,2.3447876136032324,-2.5183732782189905,-2.175862670009061,2.39680063010789,0.7469802647533208,-1.3454313659241537,-2.9068487695722522,2.141641162125101,1.3268954977531362,-2.4221427619067333,-0.5135755339562373,1.3407598161981868,-1.3651666002628717,2.0757381118774676,-0.27059345351718245,2.2573785980932204,-1.3953264083742303,1.1830168431775367,3.1544318523184947,-2.487074729201076,-0.021297037002349126,-0.3968282595612132,-0.47433601348429555,-1.768104105260945,-2.8474393822604,-2.5754593637939727,-1.2333756484126714,-0.8980866251183761,-1.184379802472471,1.655754305716011,3.103691888559334,-0.8443580708917924,1.8768846276318685,1.9081455307649304,-1.2869087895013016
numHidden 	5
numGenes 	48
minGene 	-3.0
maxGene 	3.0
popSize 	40
maxEvaluations 	20000
mutateRate 	0.01
mutateChange 	0.05
seed 	1553623532848
random 	java.util.Random@5afea5a0
neuralNetworkClass 	class coursework.ExampleEvolutionaryAlgorithm
Training Set Training
Fitness 0.11426646955194909