-3.2664998106905756,-1.8881576615027815,0.5483249084972113,0.38499945343927106,-2.3617812601796917,-1.151577688025442,1.253491492462691,-2.9893488544937545,-2.6894482861681195,-0.6250387460061647,-2.3383830788182425,0.2574615738193387,0.47407010547841927,-2.4237360002520676,0.677926018532528,-1.683868178469101,1.2751114050840813,1.688073813995329,-0.3556405450213546,0.46604863776104377,-1.295536016185004,0.9116245039573827,2.144152705222261,0.8042292587927187,-2.0895759764478448,-2.864631684941889,1.6340615106460117,0.3495034578997467,1.4202046361654697,-1.3344693051633498,0.4960158060147835,-0.5719255739363647,-0.3668382019030888,-0.152003064533362,1.8902251606460432,-2.128793981595225,0.08328589484357085,2.8323977804245715,2.2694847121326456
numHidden 	4
numGenes 	39
minGene 	-3.0
maxGene 	3.0
popSize 	40
maxEvaluations 	10000
mutateRate 	0.02
mutateChange 	0.05
seed 	1553699228294
random 	java.util.Random@2e9de8b5
neuralNetworkClass 	class coursework.ExampleEvolutionaryAlgorithm
Training Set Training
Fitness 0.11712515619527376