-2.59155104811249,-1.3620699162597376,2.480741600014289,2.3249539768971674,-1.4750721471287012,-3.124177142349678,1.7456539593293412,-2.9231549126015084,-1.1750578676050456,-1.3256400981353826,-1.2122728960540676,-2.6142445561683973,1.7253528524747004,1.9327749246237897,-2.771084985077496,-1.2708901276657185,-1.1399178821253813,1.8596485962303648,-0.8530758873888822,-0.3145828264603905,2.1187129913644567,1.134531903628669,-1.6080219251230483,1.8851204395646726,0.11756406799419529,1.4265377973819895,-0.6136615476261955,1.5248399820613043,-0.5355086431270062,-0.28107917401606564,1.829092592804412,0.3142518595756414,-0.6757188296258507,2.875875408148425,0.7438511114577526,-0.7205533386080194,1.8229965565443602,0.7852536549008755,0.4313781846791467
numHidden 	4
numGenes 	39
minGene 	-3.0
maxGene 	3.0
popSize 	40
maxEvaluations 	20000
mutateRate 	0.01
mutateChange 	0.05
seed 	1553696510800
random 	java.util.Random@39bcd6a8
neuralNetworkClass 	class coursework.ExampleEvolutionaryAlgorithm
Training Set Training
Fitness 0.18117537099634817