-0.3667455210368214,-2.3566840962091957,0.7801717836226341,0.31609027161397807,2.1965062782415146,-1.8423836540178093,0.3148807613732041,-2.078989293601204,0.20694733728869324,1.8365707805778249,-2.72376713589215,-0.10262844583465787,0.28384454920808544,1.2329127618002793,2.1916471879833503,-1.0958585826943317,-0.5697645740423845,1.3406686823722613,-2.5175406637668356,-2.508628235879025,-2.504851599771488,-0.915095342221218,0.7134998306294651,2.3028207086565713,-0.7604099067745,-2.1953692753736744,-0.5423821333796324,-1.045461004397937,1.1965244047171257,0.3709403059863048,-1.187950933105409,0.8828674470752931,2.305297894843485,-1.9929287009525993,1.5375174440594184,-1.4263552578796128,0.8287047855263898,1.4891867307558726,1.5124387573338893
numHidden 	4
numGenes 	39
minGene 	-3.0
maxGene 	3.0
popSize 	40
maxEvaluations 	20000
mutateRate 	0.02
mutateChange 	0.05
seed 	1553699891200
random 	java.util.Random@36a66fcb
neuralNetworkClass 	class coursework.ExampleEvolutionaryAlgorithm
Training Set Training
Fitness 0.15650662478244684