-0.9123928124592611,2.709289614331179,-0.9390374918105777,-1.622770054707623,-1.4165063290357593,3.0072179315210974,-2.4805041594804114,1.6620801823846885,2.002378955406577,-2.0389264452227818,-0.9123333466777115,1.5297108409499995,2.3064356047099315,0.33880567194357947,1.3974539548702232,2.839388475613612,-1.950404074167183,-1.9052866408612084,1.3554184619334164,0.5717206525972729,2.624196484184208,-1.5964781203241605,-2.1659147338427798,0.23697804348320867,0.5680170934655419,1.9942194394531343,1.5198073706913469,-2.293244383201297,-2.3371457326369907,2.972115398154603,-1.9753820370608286,-1.97401310276513,-0.06962289063734914,0.20157145217425082,1.3879387716023432,2.190068803360954,2.6431270289821835,-0.1566636307155022,-0.1001303462609444
numHidden 	4
numGenes 	39
minGene 	-3.0
maxGene 	3.0
popSize 	40
maxEvaluations 	20000
mutateRate 	0.02
mutateChange 	0.05
seed 	1553709366388
random 	java.util.Random@5b87f79d
neuralNetworkClass 	class coursework.ExampleEvolutionaryAlgorithm
Training Set Training
Fitness 0.1311785270343778