-1.5311491162415474,-1.9343714299775387,-1.7547570742991374,-0.6338208411911981,-0.9704691454310301,2.8772161717184224,2.094484886748834,-0.6431166944363169,2.6650696235747953,-2.4753012480183245,1.5844149509972894,2.0215582765690954,-0.5262756168921352,0.7248754931451373,0.6996387561663924,-3.0024918184216602,2.9906276876736717,-2.6970169676751197,-1.0475316522382583,2.6787448100003513,1.6081161796317416,1.9993218757181481,-1.2737007642479952,-1.989019688979966,1.9743602746251676,-2.070519931986045,0.3328283416477528,-1.920138030573379,2.853821955972359,-0.34895826593470164,-2.898021274700774,-2.62054829805958,2.519937521076355,-0.02626396003639063,2.0130812172039656,-2.1161643437748037,2.9966509124176426,2.3520766150861965,0.8433966156629791
numHidden 	4
numGenes 	39
minGene 	-3.0
maxGene 	3.0
popSize 	80
maxEvaluations 	20000
mutateRate 	0.02
mutateChange 	0.05
seed 	1553709106494
random 	java.util.Random@ceb3b22
neuralNetworkClass 	class coursework.ExampleEvolutionaryAlgorithm
Training Set Training
Fitness 0.12867882856229224