-0.8555557298309404,0.881104335771612,1.1970508563285454,-2.6615440938926294,-1.8302338089709498,-1.5386017672548071,-2.894715302772256,-0.8995161655954158,0.4766545670700398,-1.671334430394232,-2.3127678293332106,0.1310138775801451,-1.2263504628297544,-2.308395016170648,-2.310166303444968,2.304127616131336,0.7685711394576168,-0.7934896850328506,-0.03409721374822375,-0.11897933861556471,0.9101627353888275,-1.2549668936012421,-2.2027731013194343,-2.737692020307456,-1.2798335748315337,1.761636512668049,-2.153248838837037,-2.75636175472492,1.592006995997373,-2.074946497508753,1.1833062605730544,-1.0461300752143572,0.3683967848833802,-0.7779915117793736,-2.5133973528342457,-1.597865466674333,0.2525541016979901,-0.6583449732056654,-2.189280391270256
numHidden 	4
numGenes 	39
minGene 	-3.0
maxGene 	2.0
popSize 	40
maxEvaluations 	20000
mutateRate 	0.02
mutateChange 	0.05
seed 	1553700372265
random 	java.util.Random@682c1393
neuralNetworkClass 	class coursework.ExampleEvolutionaryAlgorithm
Training Set Training
Fitness 0.13261358865875794