0.6858809006728768,-0.6922587011590435,1.5166662786425467,1.5540686743827397,-2.0168937551780264,1.2700316815771657,2.7766087239162314,-1.4351910050759995,0.5689437671889956,-1.0479595129738966,-0.8059845508898495,0.24097808062697224,1.7652399194938644,-1.9172770541689537,-1.438577426939343,-1.1249850701889554,0.31480750237271454,1.0232672537356626,-0.24033417009641106,2.1469201126259367,-1.237954593123423,0.14424257120466455,2.4335614201032074,0.18977404359179034,-2.164468646684605,-3.040326737923862,-0.6757339358791388,-0.7468330019857241,0.8126041417801244,-0.6864171388423765,2.8842300147816218,1.979419130804165,-0.47787582673473983,-2.2874002954218398,-2.0044172256995787,-1.8757305185943414,-0.04472576882573272,0.43376158591757463,1.6452078221914275
numHidden 	4
numGenes 	39
minGene 	-3.0
maxGene 	3.0
popSize 	40
maxEvaluations 	10000
mutateRate 	0.02
mutateChange 	0.05
seed 	1553698982705
random 	java.util.Random@67434a0e
neuralNetworkClass 	class coursework.ExampleEvolutionaryAlgorithm
Training Set Training
Fitness 0.13611483292035248