-0.42912003753259226,-2.649732420320333,1.0954247467255784,2.118137827524076,-0.39329410721425295,-1.7435775429513862,2.1221706777879756,1.0412169159730422,-1.2879847293276603,1.1665249379904454,-0.7489166525660338,0.22034105205706533,1.2536492247210993,1.8615612594938042,0.22394858663418749,0.5249380521461506,-0.19015524409156254,0.14650799836246814,-0.6224993223958684,-2.570396975235166,-3.0471602946022633,0.017573544422066004,-1.0838323469491613,-1.3966800257697738,0.398570166649101,-0.969010922652811,-2.1846704979859233,-2.131120867902742,-0.970887302803102,1.4355443714178746,2.104297653565175,1.6179275577750245,1.827506345397967,-0.7005772010387279,-2.194043961055446,2.3291990554922384,1.4860764505462805,1.4677481589883026,1.7252391276021668
numHidden 	4
numGenes 	39
minGene 	-3.0
maxGene 	3.0
popSize 	40
maxEvaluations 	10000
mutateRate 	0.02
mutateChange 	0.05
seed 	1553698982705
random 	java.util.Random@67434a0e
neuralNetworkClass 	class coursework.ExampleEvolutionaryAlgorithm
Training Set Training
Fitness 0.12974381260230616