1.0713739456022389,0.5171604135609724,-1.3970943649622962,2.1602831973066827,2.815370631248209,1.8744954030310543,1.7583248609416322,-0.3626627629158998,2.0494824094190727,1.0372473843522272,-1.0216504042991537,3.224165840426056,0.05996652927510876,0.9159757731639715,1.81903253791399,0.8861953989209377,-2.8861100904776604,-1.5135567429677856,0.942633278171541,1.5496472928139369,0.5486692872641032,-0.9626999563872414,-1.1822173367299933,0.6655579160891913,0.10935844483390234,-2.3312906229240378,2.3857747697972966,1.9012743236819907,-0.9902021945351225,1.4773083731756584,-1.1975059843261073,0.20165032165366537,1.8449037911379451,2.235933887637146,-1.4645908991171712,-1.696036276051727,-0.7299424422010716,1.1870992961720754,2.402487801220996
numHidden 	4
numGenes 	39
minGene 	-3.0
maxGene 	3.0
popSize 	80
maxEvaluations 	20000
mutateRate 	0.1
mutateChange 	0.2
seed 	1553710499043
random 	java.util.Random@41783527
neuralNetworkClass 	class coursework.ExampleEvolutionaryAlgorithm
Training Set Training
Fitness 0.011394434683276188