-0.35881666314455085,-3.8741462491241627,-15.194407621102478,1.0,-19.683832497761077,-10.613220503302642,-15.890427868368128,-2.255885190638441,-5.497953253648232,-5.458282417848378,-4.829813211625087,-2.0300975752149926,1.0,-17.66978376294621,1.0,1.0,0.5928551624472862,-10.674065543499164,-19.96734471248511,1.0,-2.8849091988567923,-10.22713409132142,1.0,1.0,-4.525064044564559,-20.838964987093256,0.8727111895148321,-1.8309011561479775,-3.944531301054477,-10.329143904702102,-27.202408091453933,1.0,0.47995422284715916,1.0,-2.6232437517091562,-0.2781049679415002,-20.255065460133068,1.0,-7.338124870571397,-0.11184021458434268,1.0,-2.391503638113563,-9.274402801852627,1.0,-14.35415213787852,1.0,1.0,-11.049524922758588
numHidden 	5
numGenes 	48
minGene 	-3.0
maxGene 	3.0
popSize 	40
maxEvaluations 	20000
mutateRate 	0.01
mutateChange 	0.05
seed 	1553618252687
random 	java.util.Random@2b3a186
neuralNetworkClass 	class coursework.ExampleEvolutionaryAlgorithm
Training Set Training
Fitness 0.19977981569367265