1.7008061410706992,0.4557460041263344,0.06908422963948731,-0.2760315503088464,-0.9016225676665082,0.47562575705193805,0.08999989399143991,2.3349752206006027,1.7051832847103254,-0.20092723042044602,0.37451792788259153,-0.8890812964811925,-1.8267178029637112,1.9383836223472284,-1.0318194523402224,-0.9798747611274905,1.9044556865717204,-3.1806539889982783,-2.648401292681622,-1.8768603986389634,0.4166861153925906,2.2166319417677034,-2.604674528941251,-1.979325418778711,-1.6775369291157376,1.6998892122028222,0.4363733085306228,0.8208618713942621,-1.5879014995327667,1.3984522223074294,-1.925306262767842,-2.0733306045425537,0.49816848685860077,-2.399763380539471,0.5994510949753813,2.439985622370348,-1.7953414164707147,1.3190818595822624,1.48765682717629
numHidden 	4
numGenes 	39
minGene 	-3.0
maxGene 	3.0
popSize 	40
maxEvaluations 	10000
mutateRate 	0.03
mutateChange 	0.05
seed 	1553697967854
random 	java.util.Random@7a1142e8
neuralNetworkClass 	class coursework.ExampleEvolutionaryAlgorithm
Training Set Training
Fitness 0.13584247337303362