0.12196014613293708,-1.4588816796043316,0.4923278308761114,-1.827057448157678,-2.7040878033815545,0.7530660933063205,-0.49637950146341697,1.166477343554894,-2.334992355091342,-1.8327566049042547,-1.595883863781923,0.6456291510122173,0.8018518733700588,0.02633709262791406,2.5269531779071546,1.3788036235971584,0.11292143425991642,2.9807442031403557,-1.3491200247749455,2.4522717957704723,0.8294775635787122,-2.50442996154234,0.7828043658481052,-0.5677923646241674,-0.41475817806732146,2.642869902820758,-2.087644730894645,-1.8125895929536735,-1.64770000638999,0.013284007336680517,-0.41714078498381524,-1.1276260285576705,2.5837798656113513,-1.0316330293287008,2.719090482215303,1.0192883264499424,1.784924369321962,2.253928499508298,-0.4094868757815995
numHidden 	4
numGenes 	39
minGene 	-3.0
maxGene 	3.0
popSize 	40
maxEvaluations 	20000
mutateRate 	0.01
mutateChange 	0.05
seed 	1553695761212
random 	java.util.Random@74f0a76e
neuralNetworkClass 	class coursework.ExampleEvolutionaryAlgorithm
Training Set Training
Fitness 0.11696211393310182