-1.3635789817414645,-2.9310629920428033,4.200596620732771,2.3641982410780478,-3.4268078451713353,2.9508222429056823,0.1077083246147037,3.349065954946504,-1.8245090621338838,-2.2677165008035387,3.9796253933377477,1.2827160523454535,-3.519820012599439,0.5100072749674833,0.4560392270614315,-2.199924358328606,1.4343667817787242,-1.583420327420066,-2.2484967971221526,1.9944352118503859,-0.1028470788643514,0.21829963376687012,0.7684966783194325,3.1704057329016075,0.7069467315592677,2.641468754853036,-2.9046569131121505,-3.766370651099934,-0.3017179798438665,-0.36834674416988156,0.37692852297470214,-3.4078473607862145,-1.2008455885888774,1.1927994358251857,1.9963601131189455,-0.7851212853681409,-0.25679200935690405,-1.198281697715185,1.1121520628292991
numHidden 	4
numGenes 	39
minGene 	-3.0
maxGene 	2.0
popSize 	80
maxEvaluations 	20000
mutateRate 	0.2
mutateChange 	0.5
seed 	1553704039698
random 	java.util.Random@593d8c95
neuralNetworkClass 	class coursework.ExampleEvolutionaryAlgorithm
Training Set Training
Fitness 0.020581589064730885