1.7063785280320027,0.8370343706825691,2.7983573033694746,-1.879692725198908,-2.9873575028635786,-2.549116482064874,-2.4341331832461695,-1.4317923414330527,2.1633650433965643,-0.671469874530982,-1.2756866139770138,-2.1079317520781293,-1.737491085840316,-0.9962883648187928,1.0272053251466657,-0.06259129302253985,1.5148538406605863,-2.0354721685270576,-1.962050522561109,-1.7791563832784503,-2.659558258319887,-0.2212959546072195,-1.816935914643224,-2.8824942129131834,1.5735561998892917,2.2643508934292083,0.49868630551037674,-1.2678592144350225,0.5559714241115099,-1.5133531679581607,1.3263689584651024,2.6181083782829973,-2.9302030335958085,0.5821777833162138,1.3321858929363932,2.2332414687496573,1.593564612284915,-1.3219219381679677,-1.323747274442682,-0.825660599010424,1.3715715070740626,2.3440706338863793,-3.0466890742914923,0.6064619338578159,-0.38951371983779026,-2.5253706025492852,-2.9715944364328175,1.1205443053971527
numHidden 	5
numGenes 	48
minGene 	-3.0
maxGene 	3.0
popSize 	40
maxEvaluations 	20000
mutateRate 	0.01
mutateChange 	0.05
seed 	1553695053166
random 	java.util.Random@5c8af8f5
neuralNetworkClass 	class coursework.ExampleEvolutionaryAlgorithm
Training Set Training
Fitness 0.2166849526148879