-2.0706862915843485,1.4481328474125923,1.1443249920213587,-0.7762216175089853,-1.3619421318193616,-1.4957837286498579,2.6967173772747044,2.6740128183959495,-1.0742304446597537,-1.553383086928405,-2.296211904491689,0.7023252702823275,-2.368825011422681,-2.9208482871662236,2.777373667700145,-1.5390118636871624,2.3249393518411985,-1.1015322320251848,-1.2223342291819796,-0.7678820513233389,-1.542448927279177,1.4786731140723146,-1.9000596781153631,-0.7177394847319731,-0.17256198478253673,-0.29511975337733015,-2.383309390988726,2.294695282299873,0.4192713386360441,-3.0511392158421904,-0.7044070152867783,-2.5801761588763723,0.11095617580922897,-0.928391778731054,3.004243294936831,0.24870671957606383,-0.4821634043123913,3.0228688948639837,0.43146106974041026
numHidden 	4
numGenes 	39
minGene 	-3.0
maxGene 	3.0
popSize 	40
maxEvaluations 	20000
mutateRate 	0.02
mutateChange 	0.05
seed 	1553709787075
random 	java.util.Random@7fa24ad0
neuralNetworkClass 	class coursework.ExampleEvolutionaryAlgorithm
Training Set Training
Fitness 0.14973906035449638