0.5881698203070395,1.333675448828863,-1.4624660696759642,-2.1361931779974164,-1.186386101258231,2.9488401794792773,0.10380125212584483,2.9012206275611163,-1.7279335651448249,-0.35683694287543294,2.626631557276297,2.606467196476199,0.5377807879502796,2.0149932501747276,0.006312746282531381,-2.2105573017912916,-0.15859951230332126,-2.8159863531222795,2.2943527697458865,2.5946933621682984,2.295007390676642,-0.21145098523661165,2.557686618084902,0.4929787874459889,-0.27662706289691386,1.8560644630124588,-2.1011649229785863,1.5466442627799475,1.6312610774756282,0.9944530522613899,1.3609465351103898,2.1394874998200155,1.0709303241607844,-0.49111196033855437,1.6300999938374445,-1.1963970699603454,2.8710640607475826,-1.6505470388376922,2.255632144578046
numHidden 	4
numGenes 	39
minGene 	-3.0
maxGene 	3.0
popSize 	40
maxEvaluations 	10000
mutateRate 	0.02
mutateChange 	0.05
seed 	1553699228294
random 	java.util.Random@2e9de8b5
neuralNetworkClass 	class coursework.ExampleEvolutionaryAlgorithm
Training Set Training
Fitness 0.13071449768151946