0.543091377762366,-1.1416676531732588,1.0826002719712313,0.4539314714042881,-0.3884424936179767,-1.0197003566195788,-0.15680784799862324,-0.6417057374246273,0.9944374780717582,-0.4851671814143958,0.31144549783417125,0.04074669711102136,-0.5693477506683038,0.17905662051542015,9.619927071377044E-4,-1.317333398435464,0.39299237636421663,0.2767566688628398,0.21947444075674144,0.46407129881785164,0.006242917612495347,0.23289165760800234,0.2447872577739585,-0.21310717983314237,-0.29163662575547333,-1.3938959181801835,0.006515886196117648,0.41078510609812197,0.9068138042802463,-0.37972522499194644,0.4777960122592418,-1.7678072772577489,-0.13865985849550921,0.20430749136724213,1.237238009933288,-0.846895787815495,0.5805473120040838,0.8891484774286265,-0.1316352286229403
numHidden 	4
numGenes 	39
minGene 	-1.0
maxGene 	1.0
popSize 	60
maxEvaluations 	20000
mutateRate 	0.1
mutateChange 	0.2
seed 	1553711439346
random 	java.util.Random@6b7c839d
neuralNetworkClass 	class coursework.ExampleEvolutionaryAlgorithm
Training Set Training
Fitness 0.09807442099584926