0.001380310046950231,1.4698545811887693,1.0538394479552637,0.4563405884564487,-2.6056832620727985,0.8506722119495669,1.2681728239754706,-2.380618044973395,-2.927880714607952,0.3626427852955135,2.215309452643453,1.4645779959709577,-1.8075449599542106,2.702232371258372,1.4004405362749002,1.7399356379166488,-0.5073105634099113,-1.5075411359523097,1.6737951554774138,1.8783497672703418,1.7594347713227327,2.8738167546791935,-2.390265724026502,1.214666895125974,2.574040566234645,-0.41939915067940525,-1.9521138917950516,-1.4207395443093003,1.858735877797659,2.1061090312972093,2.8751652380716672,-2.5118994615641794,-1.122991618060632,1.0277329697216613,-2.6389104841975657,-1.9147179873958329,2.910708480857645,2.182213054226481,-1.3319831081142415
numHidden 	4
numGenes 	39
minGene 	-3.0
maxGene 	3.0
popSize 	40
maxEvaluations 	10000
mutateRate 	0.03
mutateChange 	0.05
seed 	1553697204692
random 	java.util.Random@11b5504d
neuralNetworkClass 	class coursework.ExampleEvolutionaryAlgorithm
Training Set Training
Fitness 0.13368939621802395