2.1478849643240525,-2.911370401004632,-2.1257423015126804,-1.1404051357874876,-0.8071601290427706,-1.4951766771870985,0.5431661347008975,2.934318222677282,2.979889129270542,-1.8722971027468507,-1.1456290031329135,-0.9010487299953984,0.5500807645066379,-2.6353904163487196,1.2841714472704473,1.044304041354661,-2.734680283850481,1.9653103223845727,-1.4119026183612071,2.0833762679617953,-3.4473412934485763,-0.9649265594241003,-0.7750060830832655,-2.1383000535041994,2.690766032057688,-0.8561153426704184,-1.758073131219086,0.6060503327604303,2.200761555273264,-1.76899157264675,-2.9946533514979023,-0.29883714392472294,0.8719779290839622,-1.2181637577004867,1.5760573192361382,1.6055767280945392,-0.2409422209557559,1.1191959218354226,-0.8248556718261191
numHidden 	4
numGenes 	39
minGene 	-3.0
maxGene 	3.0
popSize 	40
maxEvaluations 	20000
mutateRate 	0.02
mutateChange 	0.05
seed 	1553699891200
random 	java.util.Random@36a66fcb
neuralNetworkClass 	class coursework.ExampleEvolutionaryAlgorithm
Training Set Training
Fitness 0.04567223635256905