-2.712914551309592,0.15643716657898243,-1.8681397608168278,1.1697310272661339,2.869338590871007,1.4436898337173,-2.978715710708387,-2.6989528653869224,-1.2844327759234968,-1.8409863154145842,-0.6305702698169731,-0.38017815397311566,2.829541207419395,0.8624154430636186,-1.4681162730204853,-1.950736391759284,-0.9760429809339437,0.07475516466560245,2.267690171638165,3.071962195106714,0.307488161799416,-1.55871441676512,0.4872187993891996,-2.0334195396246484,-0.6120929205964141,3.290595259206368,2.1794438046791926,-1.921315307428882,3.325000266424974,1.92593100482763,-2.4229891723372434,1.672091688996089,-2.307577888435537,0.5275855337215776,0.6248374998851782,-3.115535878410445,0.46853799472917784,1.6423847788037524,0.3435705509224731
numHidden 	4
numGenes 	39
minGene 	-3.0
maxGene 	3.0
popSize 	80
maxEvaluations 	20000
mutateRate 	0.1
mutateChange 	0.2
seed 	1553710247962
random 	java.util.Random@41783527
neuralNetworkClass 	class coursework.ExampleEvolutionaryAlgorithm
Training Set Training
Fitness 0.02554886493638181