0.6755916156110171,-0.7548756574107698,-1.2593411415858542,-0.8183343148476467,-0.5429057191418468,-1.1870013807969004,-1.18303061513704,0.7762316821643807,0.9971207693676478,-0.05985961266445122,-1.2385677090982528,-0.32930425986451467,-0.4278272940278888,-1.3333137578994207,-0.7631472942400375,0.2924621640966184,0.8242571011476725,-0.3999077711669327,-0.29795254878681354,-0.2529645658132146,-0.1823789199607072,-0.24657624602208017,-0.23318774397068398,-0.8239462714992616,0.2551874322581328,-0.08374106593318759,-0.7242666754875389,0.3142973352652029,-0.7797062315614678,-1.2952844175873008,-0.5659236004892834,0.9790367480498376,0.024303824114124406,-0.519257080322109,-0.2269664506630058,0.7478710863536686,-0.3243671532816063,-0.3365985168533426,-0.015400788818322131
numHidden 	4
numGenes 	39
minGene 	-1.0
maxGene 	1.0
popSize 	60
maxEvaluations 	20000
mutateRate 	0.5
mutateChange 	0.2
seed 	1553711909104
random 	java.util.Random@26500ce7
neuralNetworkClass 	class coursework.ExampleEvolutionaryAlgorithm
Training Set Training
Fitness 0.01948012018713787