0.8762407701552597,5.039997555557807,-0.039686630503683595,-1.3610475578250598,3.2095331545364303,-1.0801284036100154,-1.1711260878832435,-5.040996810469534,-0.054500597288659414,4.834063994648043,-4.7723570984363235,-0.9217666588264768,0.8375642458456292,0.6676656440029634,-3.3164246485344884,-6.754308154358617,-0.08573572871594237,-0.9754331278487389,-2.9581776664829524,-0.2539328455937886,4.684352404168397,0.44506438012360716,-0.7509173092066743,-0.3186805856502932,-2.3694815525548867,0.8129759759514181,-1.0373074239081106,2.3126890487162273,-3.5228596789803146,-1.1217112315760023,-2.734433997923471,0.8285643812883414,-0.14689086539644647,-0.5351148934969707,-2.3025603421201186,-4.013804895455274,-1.6000788879274976,0.28407638654983636,-0.23733504264634897
numHidden 	4
numGenes 	39
minGene 	-3.0
maxGene 	2.0
popSize 	80
maxEvaluations 	20000
mutateRate 	0.2
mutateChange 	0.5
seed 	1553703798484
random 	java.util.Random@5106977c
neuralNetworkClass 	class coursework.ExampleEvolutionaryAlgorithm
Training Set Training
Fitness 0.007499525364048763