-2.922958275122093,2.1893566252815857,1.2053721190730025,2.1166568219738373,0.6690796108427888,2.3611003343928543,-0.8948105657663465,-2.928020832184303,0.5477090512979963,-0.4992933722708542,-3.1207200891170137,-0.057025224952781006,1.3767139144461504,2.7984250303358307,-1.7053115359465527,-2.5659051044942762,-0.4771259766046881,0.6579426199719283,-1.7351839523168162,2.6393725303171625,2.7364799916044102,1.0770033284369178,-1.7811649154228513,-2.1520617186214466,2.505953442600986,1.2510923464696309,-1.09799494630797,-0.1254913220521571,1.1298295389701851,2.4693448342395694,-1.8997507336080923,1.8710126295477034,1.911682935114747,2.086871065230173,-1.0772611541935775,-2.4127274000923458,2.476659749364358,2.039304208172465,-1.7309792825078718
numHidden 	4
numGenes 	39
minGene 	-3.0
maxGene 	3.0
popSize 	40
maxEvaluations 	20000
mutateRate 	0.02
mutateChange 	0.05
seed 	1553700103544
random 	java.util.Random@682c1393
neuralNetworkClass 	class coursework.ExampleEvolutionaryAlgorithm
Training Set Training
Fitness 0.1286113250181002