-4.451545829941813,-0.7039911619981916,0.5456720746719066,-0.7345395852973149,-0.9006498534243224,-7.382377253624837,-1.9886630896119946,4.562976534546291,-3.014078451273491,-0.18412191973661285,-0.9680845374087439,-1.444848545944911,-0.28811673360299217,-4.369724182363803,-2.7526308341419883,-1.4108515415582121,2.965409290839369,3.827312944198269,0.7951970712109162,-0.014115700871943027,-2.3885539076556705,0.18390605210514366,-0.21146503572365827,2.924374601096445,-2.4117276353604433,3.915200739253422,-5.544897576804331,-3.4481439793433495,-2.65472323514411,-2.804604952975133,-3.3378024105921296,-1.525344371808302,-3.2806415242940123,3.484157825163467,1.834975081383897,1.777486471502991,1.9835356465494525,2.3948129074992335,-5.479278820580881
numHidden 	4
numGenes 	39
minGene 	-3.0
maxGene 	2.0
popSize 	40
maxEvaluations 	20000
mutateRate 	0.2
mutateChange 	0.5
seed 	1553703347577
random 	java.util.Random@149ec6c
neuralNetworkClass 	class coursework.ExampleEvolutionaryAlgorithm
Training Set Training
Fitness 0.03894620270611485