-2.0211902412425884,-1.215273865011778,2.197004993201424,1.1843519688784259,-2.702473972966765,0.9162334692335927,1.5053263915013972,-2.1660436649091794,0.2137514670088851,-1.9118656994094663,-2.574326140691398,-1.6170776046475996,1.7026409410448091,-1.270532309005384,1.4435537207526206,-2.4577475734581395,-2.9316110407545075,-0.8776668322695031,-0.1786972475004639,-0.2989430830452587,-0.29940789698601356,-0.5693880868261609,-2.9380368961411745,0.7383712239386013,-2.4233516046937815,-1.7830018708393305,-0.47524378210242363,2.022895653156009,-0.18775014215959623,0.16051386403646276,-1.1737105173980034,-0.1518256272672131,-1.2250449936255603,-2.8887327594291556,-1.3305007734871923,-2.594824243223588,0.8243209865106775,0.9610216678509818,-1.68156725010837
numHidden 	4
numGenes 	39
minGene 	-3.0
maxGene 	2.0
popSize 	40
maxEvaluations 	20000
mutateRate 	0.02
mutateChange 	0.05
seed 	1553702078885
random 	java.util.Random@62c662e3
neuralNetworkClass 	class coursework.ExampleEvolutionaryAlgorithm
Training Set Training
Fitness 0.1534602796961043