-1.208150196536787,1.3991815327417516,4.060606332646161,-2.2449272649635965,-0.9561487941365172,2.7277681900517248,1.6066717088866804,2.573393836268168,-1.7342184534234946,-0.1272020316742477,3.7999509027497242,-0.3865260491167777,-0.48840197332444646,3.6775293043964528,1.1717381440903623,3.041977935818413,0.3632510408784677,1.5587433776057091,0.3197726940353878,-3.201430284927044,-2.2908883029670335,-0.6060570944383077,-0.020073011651969175,1.4372711596310364,0.8537053926779694,2.231995952005328,-0.4221171541736508,2.7328756376018157,-1.2506993130853221,3.645644926395253,2.787012376208107,-2.260361149171797,-0.48613574972929374,-1.3898311764396567,-0.10477471933616656,2.801479767788104,-0.21583933198895888,1.1694560860634953,-1.3365130816712503
numHidden 	4
numGenes 	39
minGene 	-3.0
maxGene 	3.0
popSize 	80
maxEvaluations 	20000
mutateRate 	0.2
mutateChange 	0.5
seed 	1553705819322
random 	java.util.Random@4a1f316
neuralNetworkClass 	class coursework.ExampleEvolutionaryAlgorithm
Training Set Training
Fitness 0.01748992147601539