1.8727341943434368,2.785433685853553,2.829835304225873,1.786723802793154,0.3015637867629965,-0.36048248079148326,1.2838212364372805,-1.6363228667453498,1.430415229404195,0.44489440625162474,-2.7796367387986507,-1.6715616343201427,1.9321436877979647,-1.2603678081469472,1.0117217566207435,0.4270251678562083,1.7364235669660595,-1.9976978004663972,-1.904338519668024,1.7536312264501719,1.1473695024419754,0.2860040987327059,-2.475238487506026,-2.3634652351359717,0.36442521735303934,1.911745831629379,-2.399714169924321,1.8284741912020968,0.758851406099895,1.184742724361256,-2.566623536733297,0.5101707912274291,0.7358798248561884,2.1593054405192342,-2.7521869906208987,-2.428464100663481,2.227832891212832,-0.07240037390672427,0.5475713377347562
numHidden 	4
numGenes 	39
minGene 	-3.0
maxGene 	3.0
popSize 	40
maxEvaluations 	10000
mutateRate 	0.02
mutateChange 	0.05
seed 	1553698230692
random 	java.util.Random@11b5504d
neuralNetworkClass 	class coursework.ExampleEvolutionaryAlgorithm
Training Set Training
Fitness 0.20721976601800587