1.1791773778042913,-1.2999153457485555,1.0960109937650855,-2.095615344717628,-1.9179042744153523,-2.2511145334298384,1.8671081785005463,2.3363304105160374,-0.21865857863460586,-0.7840426272409986,0.2768169211208748,2.1198038477095027,-2.6694824699735933,-1.6928624406622659,2.565502060762335,-0.16829759741945843,-0.5634852061986886,1.2468507579233696,-1.6026190291800402,2.3846005013782756,-0.013323647870514557,2.096742377854992,-1.1567161474073437,1.708643910703808,1.82068341048228,1.657384716851661,-2.146924297477169,1.2821103462129635,-1.7986005702102699,1.7915704295021369,-2.3946245714473653,-0.8440123281282588,3.3400790149375705,1.1307498702547865,2.092125830555686,0.2597147561027096,2.770020581976347,1.2367248006363782,-0.4470049701937128
numHidden 	4
numGenes 	39
minGene 	-3.0
maxGene 	3.0
popSize 	40
maxEvaluations 	10000
mutateRate 	0.03
mutateChange 	0.05
seed 	1553697804561
random 	java.util.Random@11b5504d
neuralNetworkClass 	class coursework.ExampleEvolutionaryAlgorithm
Training Set Training
Fitness 0.12808575721949977