-2.1255984027009465,-1.9533543102751538,-2.1690669598158285,2.827900073722618,1.0195182968276142,-2.363176881730287,1.2478790604467744,2.7391768254349227,0.029630106988885893,0.3154592304862547,-0.814683610604398,-1.8332470649109842,2.2262978184293543,-1.7797528832072216,0.23063947194821421,1.2431486370371387,1.938414015811605,1.904579553640489,1.5450571017170778,0.07392451013580459,1.683444636879029,0.3268730367383593,-0.7841025711880785,-0.20994910966296826,3.034484558306205,-0.8960102435842736,0.4471518512191318,-0.04292751159546819,2.1400688691546037,-2.742691711317768,-0.18066105997597187,-0.44637133302372184,1.1347633033395121,0.8968665301894452,0.07702469058484525,0.22599613469874513,-2.0463450468491207,1.8750438585815534,-0.2843354446713515
numHidden 	4
numGenes 	39
minGene 	-3.0
maxGene 	3.0
popSize 	40
maxEvaluations 	10000
mutateRate 	0.02
mutateChange 	0.05
seed 	1553698230692
random 	java.util.Random@11b5504d
neuralNetworkClass 	class coursework.ExampleEvolutionaryAlgorithm
Training Set Training
Fitness 0.12997880945733895