1.981042957051205,2.9255134664400746,-2.711092064344208,-1.916769880649582,2.347571086186209,0.43542374478107426,-2.444221578171369,3.612937110573114,0.7790345269758534,4.0920127449084855,-1.448772331713863,-0.09567264421116661,0.601557229940469,-1.1607101323590454,2.8259389328548075,5.743675562982233,0.22363822815821255,1.716199747429834,1.9063912910878722,-2.465226705546403,-5.660222947120031,0.5694941013740253,-0.2519830221588366,1.9282371411783163,-1.3728937677250896,-1.946261898487215,1.2000932868659442,-0.7499706063574694,3.141467713464115,-3.388909007560387,0.4052362370080562,-0.5274761253766425,-3.031437817427345,2.9022754394661723,1.7130197770898956,1.4967149790419745,4.627145582002158,1.4970387789296673,0.2464762383728134
numHidden 	4
numGenes 	39
minGene 	-3.0
maxGene 	3.0
popSize 	80
maxEvaluations 	20000
mutateRate 	0.2
mutateChange 	0.5
seed 	1553705991408
random 	java.util.Random@5106977c
neuralNetworkClass 	class coursework.ExampleEvolutionaryAlgorithm
Training Set Training
Fitness 0.12640054728250366