-3.0439291603707748,2.439802059784352,-1.295064384195304,-3.1347773952355027,2.8711787516044573,-0.21864802005277117,0.8959739995965288,0.2995828975269886,-1.5248765522065364,2.8360890293301066,1.2595385853322691,-0.44211849259291436,-1.2107242500521804,0.7611221476788508,-1.2947639861808917,-1.5080078912607977,1.1338826750866071,-2.131680469927192,0.9070652958797734,-0.9060337278960069,-0.699767340914951,0.37017399769671816,-0.5953366146055314,-1.7941165064114468,2.6668323824177698,-2.320680208633627,2.1027510313263953,-0.1356558518613854,-2.6380988813724553,-1.0140947793022295,2.684563476515881,0.013222382485752235,0.43263448457465226,-0.13922327737158646,0.08500257402593601,0.8570014286360015,0.16929018486174974,1.7851554859418284,-0.5801316495822815
numHidden 	4
numGenes 	39
minGene 	-3.0
maxGene 	3.0
popSize 	40
maxEvaluations 	10000
mutateRate 	0.02
mutateChange 	0.05
seed 	1553699228294
random 	java.util.Random@2e9de8b5
neuralNetworkClass 	class coursework.ExampleEvolutionaryAlgorithm
Training Set Training
Fitness 0.20417562717362972