-2.274924278991336,1.3359008653449278,3.0775247531200582,-0.280988644479919,-2.609303818411722,-1.3419223877317097,0.8800253771378355,7.096495518663174,0.19846381755509945,4.985901306475869,3.08373200853283,-0.6392056858924455,-1.0954010655668207,2.630285592760579,0.15754479581767722,4.452822479567186,-2.09093642472682,-2.943928254266925,0.8990115825534177,-1.2649897195755386,-3.0967225803904332,1.6572888344912449,-0.7852924654606275,-0.8636945387117145,0.8093153410558429,0.23733013234665457,-1.939391196229825,0.8301699335824706,-4.891288431277518,-0.3844435283993568,1.635543724143652,-1.5298617370619514,-1.957135395207314,0.2313178298394769,-4.3771009756493635,4.028935742659569,0.39146002914457156,0.9839965988574124,-0.1000405273561924
numHidden 	4
numGenes 	39
minGene 	-3.0
maxGene 	3.0
popSize 	80
maxEvaluations 	20000
mutateRate 	0.2
mutateChange 	0.5
seed 	1553704296593
random 	java.util.Random@1055cc08
neuralNetworkClass 	class coursework.ExampleEvolutionaryAlgorithm
Training Set Training
Fitness 0.02296515657089913