0.07585382872701674,0.47876626617683193,0.2456897329696428,-3.6565421357901737,2.184233146631385,-0.045048525624160396,4.0721791843662825,-1.8360136661778839,2.733867723072877,-3.1389937708291678,-3.8570762203276816,-2.6926235826531917,1.6995102048645858,-2.872009156839,2.4194444094249015,-0.266665478032138,-3.0589523559904697,-2.1906313642410247,-1.9144588017357949,0.4989057580335956,-0.6863355613864055,-3.9396225239716944,-2.1626882847993127,0.3164551912364004,-3.44004623599953,-2.3140384123407087,2.8154815815518637,-1.2844989610046893,0.4960031712323121,-2.302964101743698,1.379690291645681,0.15218043111479052,3.0740256456359614,0.1663042805942183,2.516719817165682,-0.7734464795184661,4.225890656635599,0.1583144740581517,2.2158843625490006
numHidden 	4
numGenes 	39
minGene 	-3.0
maxGene 	3.0
popSize 	80
maxEvaluations 	20000
mutateRate 	0.2
mutateChange 	0.5
seed 	1553704477193
random 	java.util.Random@74acf61
neuralNetworkClass 	class coursework.ExampleEvolutionaryAlgorithm
Training Set Training
Fitness 0.09885726583189726