-0.2275446042106935,-0.944523298643583,0.07265556429629244,0.18512366039882233,-1.3723873523479648,0.2293849380446512,0.9127130021886503,2.9012680726627877,1.0111761851238872,-1.6599026797287133,0.08337210219434904,-0.42725951566687986,-2.364556689411026,-0.9904959541061862,-0.633848555138151,2.3956880784597057,-0.26439052942247054,-0.32406571214068464,-1.0861614778076516,-0.2172050072941505,-0.3721906864863495,-0.007853833051272685,1.4380872942026743,-0.12570896693842604,-1.223863101631735,-1.523362266484091,-1.3662250265876301,-2.2443224201862253,1.040246159887325,0.023160493681727512,-1.0745779579771122,-0.05408784083664131,0.12507677436379072,0.9670822649021535,-0.21158127928394632,1.3274984924302575,0.3541692931152646,-0.5479985369821707,-0.5115845428787607
numHidden 	4
numGenes 	39
minGene 	-1.0
maxGene 	1.0
popSize 	60
maxEvaluations 	20000
mutateRate 	0.5
mutateChange 	0.2
seed 	1553711571204
random 	java.util.Random@1263acd8
neuralNetworkClass 	class coursework.ExampleEvolutionaryAlgorithm
Training Set Training
Fitness 0.006788560709747938