0.3721002935916243,-0.22885322750282705,1.7592228248166313,-0.2010770442238698,-2.8442611947586816,0.749960804275251,3.1467620708752033,-2.4441534757009524,1.8371200696814707,-0.10073222467698299,1.126573950795703,2.005738015133268,-1.6599718343713536,0.49273855090311786,2.938337853009015,-2.574422575368908,-0.5570483292624886,1.4075350255156727,-2.052932284280743,0.0669322621978998,1.3194947187318133,2.292851283330367,-1.1830525997062105,1.6627496664083206,-0.32304210883922035,-1.9636800969719148,-1.2430006962451583,0.16496146038008352,3.0103272994449872,-0.007929833236928266,-1.30745919625512,-1.6706921122588032,1.267316083623126,2.190694896646921,1.8741643147304188,-0.1659063440364753,1.10308354278816,2.686330509790505,0.6812858426547683
numHidden 	4
numGenes 	39
minGene 	-3.0
maxGene 	3.0
popSize 	40
maxEvaluations 	10000
mutateRate 	0.02
mutateChange 	0.05
seed 	1553698230692
random 	java.util.Random@11b5504d
neuralNetworkClass 	class coursework.ExampleEvolutionaryAlgorithm
Training Set Training
Fitness 0.12948622424020517