-1.9015076430503137,-1.2492816906470878,1.638753520859315,-0.7569544914582362,3.24500251072004,-2.2275645686228858,-0.20839391416785358,1.2911668766991198,1.8823426965357986,1.714200902590956,-1.5125268719139913,0.32860646330942517,2.184138571350217,-0.06772618177126483,-0.08568085259601615,0.5357033674708775,1.0998183148367222,2.5996920581052283,-2.513829292407925,2.074720042391335,-1.8492418941945503,0.5293170864842196,-0.3809247886453639,-1.5871175614433926,1.1729934174707846,-1.718898863063206,1.753228292665448,2.786355757388888,2.0450126455796545,-2.152907268096786,-1.5081818318983493,-2.125507086967005,-1.110100052204904,-1.5442090978884344,-0.9872052732006007,-1.769831278662625,1.7084616056890902,0.11232434548049647,-0.5849610762370943
numHidden 	4
numGenes 	39
minGene 	-3.0
maxGene 	3.0
popSize 	80
maxEvaluations 	20000
mutateRate 	0.1
mutateChange 	0.2
seed 	1553710752638
random 	java.util.Random@6e9193ef
neuralNetworkClass 	class coursework.ExampleEvolutionaryAlgorithm
Training Set Training
Fitness 0.11483208538708081