-1.554432968253219,2.11995185243176,1.5776140715921005,-2.546560308851021,-0.8758399731279158,1.8538870662491809,2.243765255969924,-0.005724864909751673,-1.3147069448444513,-2.8527817361467984,2.7290963494671336,-0.8890397159803864,-0.5374250953645776,2.4942049815134366,-0.2399251098686862,2.4385659381877245,0.581801424085028,-0.731684329623504,2.5369174897656723,-2.083873679972699,-0.4233655557576044,2.131799508716165,-0.6831288139622829,-1.4914971112335471,-2.871196932657985,1.4464364200206508,0.23985925671162212,0.8245611771663977,2.8367690707965236,2.893219194392464,0.9541416141841546,-2.3709360576631857,0.3335980355089076,-0.877611651584314,-0.16480694976019683,1.6780991752672991,-0.8709290511517371,1.5564162186291675,-0.635953609909284
numHidden 	4
numGenes 	39
minGene 	-3.0
maxGene 	3.0
popSize 	40
maxEvaluations 	10000
mutateRate 	0.02
mutateChange 	0.05
seed 	1553698982705
random 	java.util.Random@67434a0e
neuralNetworkClass 	class coursework.ExampleEvolutionaryAlgorithm
Training Set Training
Fitness 0.1840028984100081