-0.28198354646268725,1.9715120100927235,-2.199450600687751,2.699873341027528,1.8094472772082788,1.5976361569879776,2.069315233184297,-0.47564986278552307,-0.28077234048471583,1.190618491824348,-0.5421577091928886,1.202951897793067,-0.4973420564903602,1.6620490420480087,0.9412272602998518,-1.4601537089428782,-0.9319034404065283,-0.27440066442576766,-0.399045792496071,1.3789579965615975,0.0994417578630129,-2.7606479760919034,0.5605282437478052,-2.709393689413665,1.519268160295112,0.535937020914292,0.8208845859657274,-1.486578982740051,1.070920863647727,-0.8684281159231086,-1.4700616977917862,1.7283815626427494,0.9568641012033137,1.0984696879538034,-3.27662965001344,0.4289307000091,2.9170586636295424,-0.28406755247135235,-1.6860180547065253
numHidden 	4
numGenes 	39
minGene 	-3.0
maxGene 	3.0
popSize 	40
maxEvaluations 	10000
mutateRate 	0.02
mutateChange 	0.05
seed 	1553698230692
random 	java.util.Random@11b5504d
neuralNetworkClass 	class coursework.ExampleEvolutionaryAlgorithm
Training Set Training
Fitness 0.12310634614662982