-0.21191449244774763,-1.275225423536232,-1.4557903318419005,-2.692244792332004,-0.44515504597918126,-2.166587316145611,2.2901171103661975,-0.2220678056852894,-2.362074122735645,1.4385143112387542,-3.017149418155989,-0.13073992121832045,-2.278607050934923,-2.135229668595509,-0.8515471923195876,1.744361523383439,2.5002209488505445,0.7002305751594726,2.58297671436532,-3.0383515559474974,2.3307274348811644,3.0110116782071312,-1.7033373411971935,0.5056866366207378,-1.5307056297396033,-0.057520236598708335,-1.2001472103587085,1.1126699145925745,-2.1431762168737247,-2.9175740643367227,0.6731347986242944,1.7084707294352863,-2.265577536277836,0.5938519870799548,0.8649048238947723,-1.7711039525182337,1.6391351061794108,2.1636466619964114,-1.5867205639889232
numHidden 	4
numGenes 	39
minGene 	-3.0
maxGene 	3.0
popSize 	40
maxEvaluations 	20000
mutateRate 	0.01
mutateChange 	0.05
seed 	1553695834461
random 	java.util.Random@4071a2e5
neuralNetworkClass 	class coursework.ExampleEvolutionaryAlgorithm
Training Set Training
Fitness 0.27836268790810503