2.3734695508175565,-0.1453895965329761,1.2570832952745652,-1.5777686606369323,1.6440682614721998,-2.112636099996762,-0.8138840185677814,1.0136699372396756,-0.9852569320440552,0.3657999605298626,-1.8872099893759426,-2.8858071044950435,-1.4227213192137096,-1.2437220880980215,-0.8124039462509938,-0.1728778676527103,0.040413857269308906,-0.4489313350233465,-1.3817424381793277,0.13818666415257724,2.1935114839648104,-0.5738537402611188,1.26819425706916,0.6866936324196846,-0.8704305819380869,-1.2299037042153356,0.9226639451186591,-1.6968582698130465,-0.30307062700261983,-2.217097681215783,-0.19827225200036963,-1.381360719587267,-0.48446594205045956,-3.4287632050423937,0.7390028215269797,-0.014952225747174072,0.005470594593781367,-2.570665936365358,-1.891883110127366
numHidden 	4
numGenes 	39
minGene 	-3.0
maxGene 	2.0
popSize 	40
maxEvaluations 	20000
mutateRate 	0.02
mutateChange 	0.05
seed 	1553700372265
random 	java.util.Random@682c1393
neuralNetworkClass 	class coursework.ExampleEvolutionaryAlgorithm
Training Set Training
Fitness 0.12443214430446906