-2.688343001766749,-2.3032633412894463,1.7480018184251038,0.31737133491625213,-2.064640716775119,-0.4342745796015303,-1.8975185143390176,-2.658952547972958,0.11884511591254336,-1.6206686498505323,2.8663956956872294,-1.8089935097816765,1.2048426229153992,-1.0771445947313238,2.561278356048133,-2.094603661837013,-1.247452419480181,-2.70643638751268,-1.9978930678720326,1.036809180710938,1.4838847720734236,-0.986554536140926,-2.425582468928079,0.7905331192275953,0.5006184769498137,1.4010991223090496,0.9819451387323994,-2.6901602637856885,-1.0007014127933664,-2.2195854209047337,-2.28576196308362,-2.455622740548548,-0.6346677752901484,1.6049025253855427,-2.343254300635447,-3.1923352135937937,-1.1307383389788879,1.4651843821929225,-1.8735777489914731
numHidden 	4
numGenes 	39
minGene 	-3.0
maxGene 	3.0
popSize 	40
maxEvaluations 	20000
mutateRate 	0.01
mutateChange 	0.05
seed 	1553696625189
random 	java.util.Random@54a9ec12
neuralNetworkClass 	class coursework.ExampleEvolutionaryAlgorithm
Training Set Training
Fitness 0.15018172831002938