0.09810396129758421,-0.5471244131074393,-0.18141482361156586,-1.0539848116970236,0.6011915578635186,-1.0681595191079263,-0.4915463088176965,0.5928873337193331,0.06838595042349638,0.523639700592157,-0.09625625387243598,-0.5784006836514929,0.148074668522721,-0.3769882302487437,0.05750106044588996,0.04876808207765419,-0.3714739932248793,0.5410912945337099,0.29545086952591465,-0.526099332777098,0.15162672710677239,-0.9592448853380984,0.8621820657197286,0.7854778586734636,-0.047546052360811775,-0.7737618974927514,1.1433335985286763,0.2919557612345182,0.025928467074860295,0.2791191897078358,0.6079463831753431,0.8865355597572644,-0.26089168319473854,0.4484526169749051,0.832106019892209,0.3337798843910419,0.7276434119671575,-0.8860443241196005,-0.1633180615484351
numHidden 	4
numGenes 	39
minGene 	-1.0
maxGene 	1.0
popSize 	40
maxEvaluations 	20000
mutateRate 	0.02
mutateChange 	0.05
seed 	1553700803059
random 	java.util.Random@23a2afd4
neuralNetworkClass 	class coursework.ExampleEvolutionaryAlgorithm
Training Set Training
Fitness 0.1006724288301687