-0.39832587454508545,0.594745281455368,-3.423146691047116,0.355119907671227,0.7317417966409401,2.1978896363068037,1.7166123613271476,-3.101103079653262,-2.3297040708773924,1.83596606556988,2.9074764884070188,-3.129313863353371,1.8673337428238979,-1.515640764856533,1.4268875027422516,-3.642010588892744,0.3937132622966268,1.6890407279875963,-0.998940733139829,-2.379174920222603,-1.5151213908762622,0.8150928129970609,0.3642383649774427,-0.7609761855204371,-2.932820114745939,-2.771702552957361,0.6310865547214556,2.0999904380815844,2.7526633967206324,-1.884429402624046,1.46305540917697,2.12253054236034,-0.10721536634322963,-0.7687702040032696,-0.17166845587817792,-1.5199802868991579,-2.7459662491603183,0.6889883083532482,0.9818071235576267
numHidden 	4
numGenes 	39
minGene 	-3.0
maxGene 	3.0
popSize 	40
maxEvaluations 	20000
mutateRate 	0.01
mutateChange 	0.05
seed 	1553696327026
random 	java.util.Random@7f0019de
neuralNetworkClass 	class coursework.ExampleEvolutionaryAlgorithm
Training Set Training
Fitness 0.15266478068878545