2.503171157224534,-1.3409210474696127,2.510475461255587,-1.4458872665495441,-0.44488802005133266,-1.4228614719642614,-1.8111812878498539,0.2525403946251528,1.9224235130561436,2.2587008977777296,-1.916708490576555,0.21746752174023476,2.6144977453631775,-0.913781855832696,0.8102138469723503,-0.920560729958364,-1.3335080873485936,-0.16839936765203717,1.6494651194127472,2.3421913975352684,1.4857910860249426,-0.9942503722088274,-2.726539328839184,1.131992550534704,2.7742026601148497,-1.6200893216929815,-2.0703382225859874,1.1098415062283027,-2.5408800656513844,-0.5372276397349087,0.03231697091129729,-0.7111583419729146,-3.078807012132145,1.7684034280260394,2.6921847323500225,-2.5810043059445755,1.7478400462183794,0.8987985200595507,-2.126469785657984
numHidden 	4
numGenes 	39
minGene 	-3.0
maxGene 	3.0
popSize 	40
maxEvaluations 	10000
mutateRate 	0.08
mutateChange 	0.05
seed 	1553697865817
random 	java.util.Random@11b5504d
neuralNetworkClass 	class coursework.ExampleEvolutionaryAlgorithm
Training Set Training
Fitness 0.23543867445645433