-3.209106070537749,-2.0296232976535604,4.5271856618098365,-0.33878644120191836,3.2696416852078025,-3.4659314561707735,3.1968926687884185,-2.3417290993201023,-0.9158102680196718,2.6023360322227598,2.3038276889201796,0.5974224625258184,2.129368687660726,-5.1091903503522325,4.008034651517386,2.833065323190038,-3.822790090023176,-2.4214092691546734,-2.001914797181473,1.0302173805741397,1.793714212816055,-3.3124060129832085,1.2731189782664356,-5.639363660807145,0.6828458184223987,3.574490784186078,0.9632840257647031,-2.5861275563195214,0.6065207030874618,-1.0307386245772179,3.5231694394506956,-2.4016348170776785,1.156817332056308,-1.3522640636515777,-2.028866052088592,1.8853464389601422,-1.7914806414120341,0.14282082555704445,-0.0628958668101589
numHidden 	4
numGenes 	39
minGene 	-3.0
maxGene 	3.0
popSize 	80
maxEvaluations 	20000
mutateRate 	0.2
mutateChange 	0.5
seed 	1553708368594
random 	java.util.Random@5da201e
neuralNetworkClass 	class coursework.ExampleEvolutionaryAlgorithm
Training Set Training
Fitness 0.0348859297971966