1.3051256397360103,1.3609458009384579,2.9502690418904756,-2.983439985498329,-2.623638977527645,-1.2304247345958634,-3.2450530371951034,-2.529327644883428,1.641839945421276,7.045500954262275,1.1630618453643828,-2.6786440272167025,-0.4282076845815048,-1.1895060823797796,-5.775036945092397,-3.433168140310726,2.5877545869898047,-2.8801928897136904,0.3438438777040167,-0.37532615036384565,-1.0603223173390361,0.6454189608409653,-0.6884281141245627,-0.32891829770474645,-1.458149861050246,-3.916130954212163,0.15920236073627514,5.423954417184098,-3.4581549216146383,0.051244370709148335,0.1944413334540256,-2.5204808635193285,-2.8783406382425074,-2.279032665647983,4.120629349173349,-4.03814997021811,-0.7483517974561664,-1.7602507266010776,-3.2497120527992482
numHidden 	4
numGenes 	39
minGene 	-3.0
maxGene 	2.0
popSize 	40
maxEvaluations 	20000
mutateRate 	0.2
mutateChange 	0.5
seed 	1553703347577
random 	java.util.Random@149ec6c
neuralNetworkClass 	class coursework.ExampleEvolutionaryAlgorithm
Training Set Training
Fitness 0.011309330018867757