-1.0954384429113306,2.6346693990014316,1.9842300044103092,3.4363204728316896,0.05494057236229316,-0.04221633206050583,2.162297792049854,2.1265184691268293,1.1304898455290397,2.437965085882062,0.3162956987449645,2.2246599521516854,2.569328357629222,2.2938433194056884,1.736442525264563,2.126353185154347,2.763305166797558,-2.1657550083688752,-0.6213659265549063,2.9060257309429858,2.503756159767933,1.6390215633405205,2.1619297467841267,1.7910150278607,1.686979707375946,2.0957208501862077,-0.42662228935731417,2.1099951694499097,-1.0969346483280247,2.1648318253090935,3.087588102390633,0.22001094255587578,-1.723241680537498,1.5261255723430225,2.7459662498617545,1.091788026399873,1.2903249954493363,3.1418738984838424,0.22358527988160315,-0.02838628374865723,1.2198576232934721,-0.621506910244122,1.3655782024121463,3.136228213819509,0.15169818008470887,1.5039018236831345,3.074896151775131,0.8610831985556682
numHidden 	5
numGenes 	48
minGene 	-3.0
maxGene 	3.0
popSize 	40
maxEvaluations 	20000
mutateRate 	0.01
mutateChange 	0.05
seed 	1553621324241
random 	java.util.Random@5afea5a0
neuralNetworkClass 	class coursework.ExampleEvolutionaryAlgorithm
Training Set Training
Fitness 0.16037041105940475