1.0,-372.74085301454807,1.0,-23.325657842702352,-170.21973215683838,-66.54901823724832,1.0,-166.63081581920602,1.0,1.0,-170.3856968334241,-364.5228116707897,-389.2432548017598,1.0,-627.1500559456945,-296.8774045989853,1.0,-240.76242128917454,1.0,0.6175998148550621,1.0,-136.3671414071498,-42.70029920845019,-97.61796078519245,1.0,1.0,-87.23766749151103,1.0,1.0,-356.0818808270009,-40.8458739569371,1.0,-232.04351998674815,-91.48012537364619,1.0,1.0,1.0,1.0,1.0,1.0,-110.87399114792294,1.0,-620.5259103247955,-267.6936447959637,-174.21428586040955,1.0,1.0,-320.62404333072527
numHidden 	5
numGenes 	48
minGene 	-3.0
maxGene 	3.0
popSize 	40
maxEvaluations 	20000
mutateRate 	0.01
mutateChange 	0.05
seed 	1553617706303
random 	java.util.Random@5afea5a0
neuralNetworkClass 	class coursework.ExampleEvolutionaryAlgorithm
Training Set Training
Fitness 0.19189364870966194