-0.5129933172648402,-2.78384758684034,0.42358657359453655,-1.7334537190550123,-2.9814945819716376,-0.09865846438352666,-0.14946289987317352,1.3145009810084654,-1.8381792403629669,1.462307363179919,2.9704100660848844,0.19924535285818434,2.7955138777437574,-0.003458062121275418,-0.6734852096501229,-0.5546529291424158,2.121922099879656,1.2931430910448334,-2.0234804723667574,1.6358965651728765,-2.846884738663573,-1.8169326530467993,-0.7078002884371672,-2.43501763146219,-1.8650213607392254,-1.3568817344740478,1.9628800537980895,-2.911864776340888,2.1537430554516694,-2.4735883462409305,1.3592018735892524,-0.7645278146154297,-2.859225753095039,0.6979173424596299,-0.9709237626051594,1.3018849977673783,0.3004093731658329,2.647040601978458,-2.8495798495291806
numHidden 	4
numGenes 	39
minGene 	-3.0
maxGene 	3.0
popSize 	40
maxEvaluations 	10000
mutateRate 	0.02
mutateChange 	0.05
seed 	1553699228294
random 	java.util.Random@2e9de8b5
neuralNetworkClass 	class coursework.ExampleEvolutionaryAlgorithm
Training Set Training
Fitness 0.2832298161013138