0.6618102245687854,0.08487098167078405,-1.902231042576784,4.11351125628141,-0.04796786221800692,3.5391879807123825,2.024248928935751,-1.2039328479890474,2.1546679113936795,0.26631914757669795,0.5760688561511438,-1.820688108765547,-2.0524413855325765,1.4907202950198586,2.175276325934573,0.8880876514434524,0.7398898180888434,-1.5923634958046442,2.717433143606028,2.6307003876908492,-2.561761046229295,-0.7402295710155073,0.834680149250222,-2.0385763324264845,-1.6361735932242942,-2.2455067696170223,-2.123697567558195,-1.642280463023601,0.5583144816678576,3.322828214931614,-0.4876776250212668,1.5309569094535682,-2.3294629714485464,-1.015698493894278,-0.9155904166781597,-1.074026948990324,2.305862783948717,-2.2330313869373164,-1.259915354452791
numHidden 	4
numGenes 	39
minGene 	-3.0
maxGene 	3.0
popSize 	80
maxEvaluations 	20000
mutateRate 	0.1
mutateChange 	0.2
seed 	1553710663713
random 	java.util.Random@26500ce7
neuralNetworkClass 	class coursework.ExampleEvolutionaryAlgorithm
Training Set Training
Fitness 0.10236466635969535