-0.7124826600582921,0.38719868243944955,-0.8155522721833623,0.17897400654668877,0.6744334087107939,-0.33954799927471757,0.5002040707220954,-1.1839101518672253,0.9804887276292042,-0.7373397000484685,0.7388722270137185,0.5162186297829414,-0.7701538954426839,-0.7296141618980907,-0.8910842811236426,0.5714778850752718,0.6867413760156544,-0.31782037577012484,0.5398862873259409,0.1380024349996071,0.3679256573713871,0.2826866677682352,-0.4479870276988817,-0.6791210684525135,0.44177662109255456,0.7897072252222417,0.16438725247466435,0.10472098998667527,0.8633321637206215,-0.4655082041127271,0.38610805799629727,0.7729570051657377,-0.45512970416120047,0.8286440972079727,-0.14807404255977974,-0.8407830189035135,0.8252079536957244,-0.006200033685766618,-0.6906295968161664
numHidden 	4
numGenes 	39
minGene 	-1.0
maxGene 	1.0
popSize 	40
maxEvaluations 	20000
mutateRate 	0.02
mutateChange 	0.05
seed 	1553700803059
random 	java.util.Random@23a2afd4
neuralNetworkClass 	class coursework.ExampleEvolutionaryAlgorithm
Training Set Training
Fitness 0.12911481195697444