-1.4750770471336327,-1.2726807307536672,-4.0095536169543955,1.915616064254202,-2.1409592811753138,1.7287973065684934,-3.531718770322744,0.7898426519927177,-0.7916011709009161,-3.5231000571588282,-2.3240444960479225,1.190673126660438,0.8463974359984148,0.5266954910042743,-3.889981816781034,1.030938020338617,-3.2597648995232253,-2.3392804973994346,-2.6673745855518756,1.2969646803710217,-3.1905365591091788,-1.041804984800918,0.9849990922688319,-1.5516769562230803,1.8883479392607763,0.3514008938839668,-0.6024445010184385,-1.3446869025168435,0.6653166493169644,2.1222123963477806,-1.290015015566309,-0.1820249949312247,-2.609563643991403,0.958347355844146,-2.0465122334690706,-0.5428233477872544,1.732314076567425,-0.7706363850734612,1.7692884957498665
numHidden 	4
numGenes 	39
minGene 	-3.0
maxGene 	2.0
popSize 	40
maxEvaluations 	20000
mutateRate 	0.02
mutateChange 	0.5
seed 	1553702939623
random 	java.util.Random@214c7a1a
neuralNetworkClass 	class coursework.ExampleEvolutionaryAlgorithm
Training Set Training
Fitness 0.026851820233430704