1.9275905639642112,-0.9385141159443637,-1.3984867438898811,-0.8562068548432102,-1.6252561632155005,-2.5455845098031107,0.036138519618061804,-0.0902990080293687,-2.269778360643139,1.311776513490301,-0.3162945236748978,1.567258977366876,1.0189950121183626,2.030849535810086,1.5928214634582838,-2.2708609019254435,-1.8401470623089689,-1.2861770316643166,-2.323864601043309,1.2209648268740578,0.034492723017015975,-2.032683736415401,0.016315036586600565,-0.46689363923867006,0.9479578452266135,2.894018536453662,0.9555022572586662,1.1478852818715777,-2.1971278379991657,-2.097694192628455,-3.1469951314665643,-3.0899540262088707,2.8814037263051047,1.51556708712627,2.5112082756144973,-1.3420370027445514,1.787876938394348,0.15632000307322935,1.8724316762383684
numHidden 	4
numGenes 	39
minGene 	-3.0
maxGene 	3.0
popSize 	10
maxEvaluations 	20000
mutateRate 	0.02
mutateChange 	0.05
seed 	1553709298240
random 	java.util.Random@ceb3b22
neuralNetworkClass 	class coursework.ExampleEvolutionaryAlgorithm
Training Set Training
Fitness 0.15865886575150032