-1.0366401927029094,-0.08775314788313375,-1.6476442106506592,1.0588725200585303,-1.2288036746741946,0.8398875155070809,-0.32901047418293855,-0.3368070164097287,0.7246438393226164,-1.224059962416607,1.3436507433985603,0.4762007559965032,-0.7455211322466397,0.4647293206039546,1.740964161440519,-0.40061178990128893,-1.7370739570202423,-2.0795569624050483,0.7665090188178361,0.8942447914957248,0.4185789908955392,0.9922131717515317,-1.651425239308403,-0.13956408757944944,0.8016613858521022,0.48398609981718904,0.6945237440389551,-0.8868331439155548,-1.4201725189366856,1.9127024967684485,-0.010084765664418696,-0.4016684724887143,-1.070141786480849,-1.3202867018559676,-1.877800257289949,-1.5120486651780727,1.4307673552130056,0.8467651598573525,-0.9185503299924531
numHidden 	4
numGenes 	39
minGene 	-2.0
maxGene 	2.0
popSize 	40
maxEvaluations 	20000
mutateRate 	0.02
mutateChange 	0.05
seed 	1553700250660
random 	java.util.Random@614169f6
neuralNetworkClass 	class coursework.ExampleEvolutionaryAlgorithm
Training Set Training
Fitness 0.14460088742930827