-0.6527386533837642,0.5236560929831335,0.18464392671659757,-0.6718274128868638,-2.5395919078307716,-1.3639856404702382,-1.379753446545009,-2.025350991887896,0.011470801800008257,-1.0236601405871295,-3.0069405701403147,-3.1575517525640904,-2.2152620442015496,1.2964102632185899,-1.6505690565571918,-1.5600642188258314,1.585009991419355,-1.1451122417872723,-0.0291471740551974,-1.9092233524746165,0.9673067016516539,-0.5670915373009859,1.7603355301768007,-0.35268220829920516,-2.3873553914158636,0.879509252680303,-2.8919766663969217,-0.5505652119248436,-0.3334801495618942,-2.4909454136712257,0.9091030690888262,-0.12102289199652727,-0.7585966278118783,-1.5481448753900302,-3.1932775747064754,1.4128377682997288,0.3646138140496351,0.32781691728099016,1.3082501681905292
numHidden 	4
numGenes 	39
minGene 	-3.0
maxGene 	2.0
popSize 	40
maxEvaluations 	20000
mutateRate 	0.02
mutateChange 	0.5
seed 	1553703228600
random 	java.util.Random@120bdcdf
neuralNetworkClass 	class coursework.ExampleEvolutionaryAlgorithm
Training Set Training
Fitness 0.11255530689648861