-1.377109005650859,0.6130742951693032,-0.0754970819373419,1.5327690755562586,0.20117224489993202,1.8784008488341233,-0.597773273139413,-2.627186204824069,-0.9756500434169049,1.754327350660903,-1.6844126342754857,-1.8218201837343255,1.4813233873926481,2.784269380332044,1.0324231809594606,-2.8552651685510124,-0.27973583443302485,-0.563604628311476,1.9824040677326134,1.3732075967055206,-0.25081136520639136,1.6526313167960347,2.4274846407824198,0.20578419877926646,-1.4065086047676454,-1.698062335846139,2.121518471182144,2.01943982166984,-2.0522167336209343,1.0024480298824747,1.8344552831690875,2.0896135162741576,-0.4050793270274832,-1.290521997948207,-1.979150254361971,-1.3109899363388082,-0.4118391682486914,1.0863356762977068,0.9041997795683738
numHidden 	4
numGenes 	39
minGene 	-3.0
maxGene 	3.0
popSize 	40
maxEvaluations 	10000
mutateRate 	0.02
mutateChange 	0.05
seed 	1553698982705
random 	java.util.Random@67434a0e
neuralNetworkClass 	class coursework.ExampleEvolutionaryAlgorithm
Training Set Training
Fitness 0.12296899440304092