1.1387692414152788,2.381383096669536,2.400938070416769,-1.9931604014002655,1.0977470583616462,-0.4687866311606137,-3.228183616241231,-8.86051582868814,1.5626062125201114,1.959333056386223,2.8066691852010797,-4.745163135988138,-4.216677351936228,3.47263318023262,-1.3911082951136207,-3.4532918327643114,-3.329814930266185,-0.4323453729383182,1.1867672016479203,3.795849235723421,-0.3202726267976539,-4.359575161986641,0.02818322035776344,0.2997267331660538,-0.6802563676615954,-6.05542213883154,-0.6527749060490153,0.1893193744626025,2.7542382010525355,-0.5629952575667323,4.152528720723297,0.051611931266885236,0.05667614182339986,0.0986156902391051,-0.1923236083363875,-3.2256003780696747,0.07239387988577928,-0.1576253097597231,-0.4762526774597218
numHidden 	4
numGenes 	39
minGene 	-3.0
maxGene 	3.0
popSize 	80
maxEvaluations 	20000
mutateRate 	0.2
mutateChange 	0.5
seed 	1553708950391
random 	java.util.Random@ef9a202
neuralNetworkClass 	class coursework.ExampleEvolutionaryAlgorithm
Training Set Training
Fitness 0.010355390168878625