-1.3304588628307892,2.8067134419154396,1.191876929579598,0.5157218669270198,-2.4091701725447754,3.0304579959065236,2.828860409337909,-1.6988442284435272,0.9936032380094546,1.9364601295083435,0.47490483260892896,0.4359625668845635,-2.392026397268747,-1.1722487350181143,-0.10857351921231671,-0.5847272430264177,-0.41478587363191954,-0.6336314126531932,-1.6863871265657002,1.8648429507718893,1.3051222288072406,2.1186001134487156,-1.2414465054773627,0.3484359265242871,1.6274700891433524,0.3214327247632003,-1.99192518730824,1.3571232942201037,2.6820021053947087,2.6605282228536415,-1.1363841313481446,0.3320110339935876,2.3811312973439627,-1.2705264368064677,0.20500492286599153,-2.18772093989588,1.6955311392147638,2.234317045342,-1.076116650603648
numHidden 	4
numGenes 	39
minGene 	-3.0
maxGene 	3.0
popSize 	80
maxEvaluations 	20000
mutateRate 	0.02
mutateChange 	0.05
seed 	1553709204850
random 	java.util.Random@6e9193ef
neuralNetworkClass 	class coursework.ExampleEvolutionaryAlgorithm
Training Set Training
Fitness 0.13225139373613787