0.46165742702681856,2.2712584171917847,1.8487073586778582,-0.11162179266507488,0.3263452725454892,-2.9184369595886066,-1.9137642551651552,-3.397361485012853,-2.820352238554004,-2.3214205254933713,0.33898915426332543,0.10813092778258149,-0.08329291785867277,-1.514965384438418,-2.1802414257561167,-3.042006993670518,0.44569484188523756,-3.363698880186573,-0.08407104260431719,1.351408565589133,1.4551957459729552,-1.485440983771952,-1.169366015080262,1.1330623143155414,0.7711301910729826,1.1001814461307209,0.6154947216233908,0.16777883402175986,1.1148306367417655,-1.040477525643686,-1.5557354657606761,-1.3407877755625806,1.5061143123800669,0.22639366705502306,-0.454550626447098,-2.522427776597746,0.6856362337089026,0.27552091436415393,0.6274874726241353
numHidden 	4
numGenes 	39
minGene 	-3.0
maxGene 	2.0
popSize 	40
maxEvaluations 	20000
mutateRate 	0.02
mutateChange 	0.5
seed 	1553702939623
random 	java.util.Random@214c7a1a
neuralNetworkClass 	class coursework.ExampleEvolutionaryAlgorithm
Training Set Training
Fitness 0.10279056770084935