1.398049619761843,-2.8146868911287846,2.5374658332950384,-0.6602760903652849,0.6666824435481997,0.8707046051757363,2.2793216427802703,-0.37327058499213767,2.4504519631433466,-0.26163944411145323,0.09294863853698843,-1.0343859003188858,0.11446874946888208,-1.658422788599548,-0.6044641421917518,-1.3121063255875807,0.9093834998694408,-2.519684293697738,-1.1693974810169363,2.38833733581472,-0.4165498209737972,0.9250258609613979,-0.11817011651418374,0.8633522511509373,2.8501149038908027,0.06413054995990901,-0.9554148884978013,0.4474119740260295,-0.05455781769770755,-0.5281117226185081,1.0540998311781173,-1.5676678267211388,0.6733668997369089,-1.2211037988703608,-2.6483142813246463,0.20849300207268318,1.9379280273038355,2.900544409705936,0.04029553842117295
numHidden 	4
numGenes 	39
minGene 	-3.0
maxGene 	3.0
popSize 	40
maxEvaluations 	20000
mutateRate 	0.02
mutateChange 	0.05
seed 	1553709653697
random 	java.util.Random@41783527
neuralNetworkClass 	class coursework.ExampleEvolutionaryAlgorithm
Training Set Training
Fitness 0.17016852550040984