-0.09330422824124711,-1.1900533997199076,-0.9285672400339751,-1.809053308916309,2.9646696974535462,1.7641688324744338,2.3377495538035626,-1.89868514135848,0.03160233744875693,-0.02513253276912239,0.12380641847604766,-0.4494912292351936,0.10238562965091648,-0.35915038524620274,0.04744742282325928,-1.6307801945063025,-1.9661278635084445,1.1966693623406197,-0.5918460884153702,0.4419247224931123,-1.0332846725700155,1.4296596046711474,1.6401439292120197,-2.292060926220593,-1.2924615972545315,1.0460658099168445,2.6179778609190567,0.029680974033595514,0.7640399900220565,0.3828417757136599,-1.1640387687046838,-1.272607966111173,1.0715975981534733,-2.285848135051101,-1.0300124531110004,0.21508191418234995,0.21177934417569588,1.2727134876758346,-0.9432130733517248
numHidden 	4
numGenes 	39
minGene 	-3.0
maxGene 	3.0
popSize 	40
maxEvaluations 	10000
mutateRate 	0.03
mutateChange 	0.05
seed 	1553697967854
random 	java.util.Random@7a1142e8
neuralNetworkClass 	class coursework.ExampleEvolutionaryAlgorithm
Training Set Training
Fitness 0.12687798250410307