-2.5087021884920038,-0.839083876696787,2.4146213490156763,-1.5619197110010983,-0.36176133019924367,1.768659365267325,1.0469370881048359,2.0623194269469227,-0.6216030249182654,-2.144455943819305,2.3820144424015126,-2.5686048554164898,-1.7795609753651929,-0.713780648067196,1.3432261384545816,1.2967542044462652,-2.512182532061371,-2.1246181419061587,-0.34309021056511213,-2.9325171490685453,-0.9469051234448367,-1.4652510621105674,1.1100996712519469,2.5424802877436274,-0.9475318648677618,-1.8433983733287862,-0.3817352386167041,-1.2445599447618378,-2.6627303281179344,2.4890133952586115,3.5338489165509674,0.010216505387314181,1.5516418287249285,1.5121749710940544,2.1275846794941904,2.157200065810996,-0.6544981053184626,0.2670243799531827,-1.6867772742011804
numHidden 	4
numGenes 	39
minGene 	-3.0
maxGene 	3.0
popSize 	40
maxEvaluations 	20000
mutateRate 	0.01
mutateChange 	0.05
seed 	1553695834461
random 	java.util.Random@4071a2e5
neuralNetworkClass 	class coursework.ExampleEvolutionaryAlgorithm
Training Set Training
Fitness 0.1364480183481822