2.02645567945612,0.8840426692845931,2.2155559608206055,-1.850992657193207,0.9766472501531778,-3.223232848009407,0.9482008493761702,-1.7079038901720964,1.097135827249532,2.3402517674125587,-1.4049949221572244,2.806632824435475,-0.05369125259501109,-0.8303912579250495,0.5846714999036091,-0.02625381818283401,2.936066286937268,-1.6064505110428733,0.9672343785014959,-1.091908954070492,-2.3834478194230755,1.7085024152779722,0.06218640147330126,-2.859026376385007,-1.9194303923346847,0.4691416970913511,0.49288429976862586,-2.7632133964847814,-2.712041160260007,-2.6164424648063416,2.040132017594706,-0.2842113234545205,2.0473318048761273,-1.0422183548635222,0.7286964099971047,-0.0535032518266398,2.367158721752058,1.5683685403258165,-1.2211236817101903
numHidden 	4
numGenes 	39
minGene 	-3.0
maxGene 	3.0
popSize 	40
maxEvaluations 	10000
mutateRate 	0.05
mutateChange 	0.05
seed 	1553696951466
random 	java.util.Random@11b5504d
neuralNetworkClass 	class coursework.ExampleEvolutionaryAlgorithm
Training Set Training
Fitness 0.1823420233713529