0.5592967977231769,-0.6383856777147727,1.2726866131528654,2.630124339426022,-2.4996071356844176,1.6131340917484907,0.7195199230945617,-2.475554212711475,-0.8370653030511808,0.21234222004873576,-0.8549797568655522,-1.2416579879444223,0.26609347227535435,1.5299496002008806,0.07557280002983956,1.0136476811745303,-1.8049888198453385,-1.297500914552475,-2.511842327449944,-1.3353271086149927,-0.9201025409132835,-0.6419798786178685,-0.9595255251198647,-1.1158354164633488,-1.6469046610210973,-1.6011500720601723,-1.8275315877301788,-0.11459829810075739,1.5496352916654255,2.089591449856298,-2.576739830723708,-1.4596050604237492,0.6305646650877923,-1.6099838204383845,2.7773945348180673,-1.3991004503041782,-0.15935897914356956,1.9711060057871,-1.4748109104845726
numHidden 	4
numGenes 	39
minGene 	-3.0
maxGene 	3.0
popSize 	40
maxEvaluations 	20000
mutateRate 	0.02
mutateChange 	0.05
seed 	1553699624504
random 	java.util.Random@682c1393
neuralNetworkClass 	class coursework.ExampleEvolutionaryAlgorithm
Training Set Training
Fitness 0.1297553361634901