-0.020710568536041585,-0.505374152008315,0.7504528881244603,-0.8814944323993323,-0.14059243669635357,0.7670523401458036,-2.745760279833065,-0.7899761058439052,0.3262359410372415,-3.497265794299059,-1.7465295971786086,0.2905549299848058,-3.6221442425377055,0.6415053593628697,-1.9673418729149819,-2.29300429479129,-2.0080976688103807,0.5637097779664106,1.2483451321983874,1.611120416409595,-0.7780358580713749,-2.3119595089860088,0.8531375001840069,-0.48306879503399003,-1.601550173244073,-2.0664508019867704,-0.8905400801315155,-2.6624271154468158,-2.346790453485761,1.532005080642282,-0.20133317699175102,-1.2435209582670377,-2.3032158565838077,-2.2027962919900985,-1.2481224546119025,-0.4356807260881963,0.4818216108243014,1.4520241442084059,1.3099009938609019
numHidden 	4
numGenes 	39
minGene 	-3.0
maxGene 	2.0
popSize 	40
maxEvaluations 	20000
mutateRate 	0.02
mutateChange 	0.5
seed 	1553703228600
random 	java.util.Random@120bdcdf
neuralNetworkClass 	class coursework.ExampleEvolutionaryAlgorithm
Training Set Training
Fitness 0.12024362986471708