-0.6125968834896454,0.32714825259877356,2.3871299431080786,-0.9062861442217442,-0.17875986171933816,1.6507171736623356,-0.860136083974735,-0.65710590352296,-0.03011842087668573,-2.210452950602037,0.2530868502038105,-2.339554600399971,0.6700511969329879,1.1558821891168525,-1.6429765743137998,-2.4608387503915132,-2.4427128499600164,0.7605946611842123,-1.0858024180971013,-2.005693253617503,1.2028968393837758,-2.941401003059613,-1.3258977890917854,-2.0406026452575214,1.8600638178869384,-1.7858106062685146,3.0543481692589536,-2.390476005514402,2.1347506261892137,-0.5264909165240654,-1.7301088096950836,-1.365929538506333,1.3924981111950452,-2.7330012193255397,-2.380481194512194,-1.152725178773699,-1.8765106629778219,2.2675245408686138,0.06521461945283935
numHidden 	4
numGenes 	39
minGene 	-3.0
maxGene 	3.0
popSize 	40
maxEvaluations 	10000
mutateRate 	0.03
mutateChange 	0.05
seed 	1553698136433
random 	java.util.Random@467cbcb6
neuralNetworkClass 	class coursework.ExampleEvolutionaryAlgorithm
Training Set Training
Fitness 0.1498316401311853