1.7076968061707436,0.26130594763727,-2.6049886291990365,-2.303230875150179,-2.0926645390634757,0.613773550825404,-1.315580577480232,-1.340829393103315,1.8421637359998506,1.0958149619775823,0.6418083310795286,-2.8478101637627664,-0.8224059507620396,1.7754158638886626,1.5502573705113767,-0.806162963914294,-2.020776715141391,-2.0177671298076323,0.5879832786838644,0.4319486731264624,-0.34056487636714294,0.6397220360258828,-1.961371266235395,0.6507483124942148,1.4002167027917871,-2.840315550706518,0.5909035512253107,-0.7478928354990926,-0.4996103423583778,1.0507951081552112,1.707906883212545,-0.7633917152787091,-1.5012242438527152,-2.6086804246673614,1.2529039975080059,-1.163724587964904,1.4343859253231739,-1.8788995324048088,-1.5289731630051453
numHidden 	4
numGenes 	39
minGene 	-3.0
maxGene 	2.0
popSize 	40
maxEvaluations 	20000
mutateRate 	0.02
mutateChange 	0.05
seed 	1553702078885
random 	java.util.Random@62c662e3
neuralNetworkClass 	class coursework.ExampleEvolutionaryAlgorithm
Training Set Training
Fitness 0.03858583937416802