-3.4171665206190776,-0.12570677027671007,-1.9241612590302468,2.543034757591788,-1.808721365585117,3.3609613479327427,1.440866340008986,2.570921507125406,-0.19928499581497716,-0.00355611573990422,-0.8064856241354397,-1.2345506413973641,-3.439321145676672,2.37086260147181,0.3319111691839831,0.9040943241986632,2.6609251202760245,-1.3323070737618639,2.7073525750405825,2.1268620396427886,1.7494941805477753,-1.6086597804387641,3.4110920270306,1.6640834354400638,1.5575873384747183,0.4086759415123442,-1.6540461870960694,-1.6169356390186351,-1.8798546351011978,3.946836850793268,2.1256704236441157,-1.3762131394116164,1.122765414257735,-4.004783705659971,1.478622107051307,0.8322751042527958,2.357961715268652,-1.1124355912031119,1.9106943742644686
numHidden 	4
numGenes 	39
minGene 	-3.0
maxGene 	3.0
popSize 	80
maxEvaluations 	20000
mutateRate 	0.2
mutateChange 	0.5
seed 	1553705601562
random 	java.util.Random@5a714909
neuralNetworkClass 	class coursework.ExampleEvolutionaryAlgorithm
Training Set Training
Fitness 0.12616681991606443