-1.278866194281948,-0.3691492523661235,-0.7690972797628308,0.34685609088006125,-0.3596245789096488,0.7287647464754659,-0.4536729668849035,-0.8809401423069905,-0.7211261091151056,-1.0781782077117203,-1.3263189831043136,0.16622513042850318,0.7908520622842146,0.466479780411803,-1.054994652163158,-0.22077440445963514,-0.06425927315779573,-0.30857196079161386,0.05131738798745217,-0.39796932576814975,0.522214544110809,0.12845070652365265,0.16791635429895613,0.7451577071745064,0.7335808162019881,0.6480099137069293,0.658288321154739,-0.9320626082246093,0.9396596767080767,0.6954102239401889,-1.1716477067353408,0.01861758270783792,-1.0508763834483796,-0.8496393549051748,-0.5671346380032074,-1.2204644869993821,0.06759136071319555,-0.0777996807341163,0.5283845478687388
numHidden 	4
numGenes 	39
minGene 	-1.0
maxGene 	1.0
popSize 	60
maxEvaluations 	20000
mutateRate 	0.5
mutateChange 	0.2
seed 	1553711909104
random 	java.util.Random@26500ce7
neuralNetworkClass 	class coursework.ExampleEvolutionaryAlgorithm
Training Set Training
Fitness 0.014110590342600232