-0.40369451480528895,0.5366338411707763,-1.1619632571524563,-0.5542571967321095,0.3640459981569507,-0.5757148907801932,0.27377018782728146,0.20351838678801415,0.6555863992981432,0.862448009763392,-0.8300060251103595,0.04539590563176199,-1.2097003593560651,0.7626665480155616,0.0769416313962219,-0.6233562032852487,-0.03869795800450171,0.9719678134238132,0.3608452133549208,0.406072991229789,0.2938215336468525,0.2200777758708229,0.4889859204592004,0.40082151295499935,-0.31956553149647526,0.3000096198878087,0.6126540882359004,-0.3705317127174368,0.05535050862873159,0.35219314435025784,-0.19304387533040523,0.40321632704026067,-0.2984336944332764,-0.2554208340483738,0.3042979818486289,-0.33660172778405373,-1.2111498674348629,0.6359190141143504,0.7887630519961064,0.1745752657190366,-0.822841541181486,0.636683768318861,-0.6185042268043018,-0.873985415559758,0.949228177989868,-0.07814490195989299,0.34259032218666785,0.14034711227506202
numHidden 	5
numGenes 	48
minGene 	-1.0
maxGene 	1.0
popSize 	200
maxEvaluations 	20000
mutateRate 	0.5
mutateChange 	0.12
seed 	1554577841957
random 	java.util.Random@76fb509a
neuralNetworkClass 	class coursework.ExampleEvolutionaryAlgorithm
Training Set Training
Fitness 0.01662495595760571