-0.6367430339612951,-0.32885802865513464,0.09558465789662042,-0.3591893015106473,0.8399192772840651,0.4343759297259017,0.48986318307631466,-0.7652846069735398,-0.7514253705538206,-0.5683884826377723,0.8484601284712198,0.28934876135515913,0.5437620725858602,-0.07346184644493726,-0.16439254627083227,-0.7870639608894743,-0.8451606427656386,0.8242998735082385,-0.11992113975618009,-0.6458355691290856,0.01766736003245331,0.24466162687466642,-0.9216300531023539,-0.04778444870125427,0.6261811017540018,0.6544603847564109,0.5917217399360297,0.8196189863813013,0.2522491995250854,-0.8323169454440615,0.48917773883593035,-0.2158790466077024,0.9804251665163071,0.45284216354928614,0.8383172853375263,-0.6516602273493194,0.9448979773984854,0.4211472637778602,0.8172617460478432
numHidden 	4
numGenes 	39
minGene 	-1.0
maxGene 	1.0
popSize 	40
maxEvaluations 	20000
mutateRate 	0.5
mutateChange 	0.08
seed 	1554303538996
random 	java.util.Random@26500ce7
neuralNetworkClass 	class coursework.ExampleEvolutionaryAlgorithm
Training Set Training
Fitness 0.10243799029506628