-0.19426312631131482,0.9410093946258642,0.025043146314714215,0.23881750793009748,0.17926128638052008,0.23170968324899022,-1.3460471641818637,-1.056916673805854,0.4208108056814696,0.44738481559814697,-1.1669737385999726,0.8951231383891258,-1.2198621397929936,-0.6504258664869016,0.6848109417937918,-0.4482607924227248,-1.213648264436065,-0.7774245135343796,0.33894970248609985,0.9031097146202676,-0.6413945594138937,0.2288703149537782,-0.4853525815470771,0.12144303468815931,-0.15587789743797342,0.5244594796348347,-0.5341406049246693,0.4627859313092258,0.5126258151554759,0.2921789449698793,-0.4573200339447026,0.343531844665452,0.025695057016473177,0.7436423617746384,-0.05688534042590704,-1.2129975648862033,-0.848489942362594,0.49553548119485585,-0.48738045403707514,-0.028195955686802276,0.10991779654891032,-0.0564345585279909,0.6944975327978745,-1.1875110928823913,0.20969305013459116,0.13744695408703123,-0.05755758046812115,-0.4356207058043528
numHidden 	5
numGenes 	48
minGene 	-1.0
maxGene 	1.0
popSize 	200
maxEvaluations 	20000
mutateRate 	0.2
mutateChange 	0.2
seed 	1554659552448
random 	java.util.Random@76fb509a
neuralNetworkClass 	class coursework.ExampleEvolutionaryAlgorithm
Training Set Training
Fitness 0.0239702017704113