0.303659519865713,-0.28471366871298287,0.9069118532970404,-1.0891830874339503,0.04750686062332182,-0.6399993358679927,0.061093944198516936,-1.2033426099417157,-0.32915900660968483,-1.2998348024118989,0.564130837851076,-0.8131139419650368,-0.7677250590349911,0.5810297217667006,-1.0504451760204494,-1.368728640314817,-0.6754198903587857,-0.11163259109065288,-0.2517746756751663,-0.1971141085725543,0.38554184623980653,-0.7461200296627302,-0.3324494314693264,0.1980196894411116,-0.357526545603952,0.6597544005430303,-0.5892306322915037,-0.0018574198808524733,0.7165722987335341,0.12295057067818738,0.9782989537328319,0.035626403543268625,-1.2519317631446718,-0.909811202869024,0.5841671501991372,-1.0384201047721031,0.550378809875196,0.13749670308492246,0.024066003747831577
numHidden 	4
numGenes 	39
minGene 	-1.0
maxGene 	1.0
popSize 	80
maxEvaluations 	20000
mutateRate 	0.2
mutateChange 	0.2
seed 	1554662581575
random 	java.util.Random@2ceaf984
neuralNetworkClass 	class coursework.ExampleEvolutionaryAlgorithm
Training Set Training
Fitness 0.012286851195799928