-0.0745762386462323,-1.9768263350452433,-0.8615174033000434,-0.991338533721384,0.6769735445490264,0.2529322066784505,-1.9844961339617622,0.8883155343573461,-0.013182659217649828,-1.8106716170916206,-1.354508470025965,-0.7711613468618572,-0.8094648827718456,0.9396697854279754,-1.6756367895510536,-0.4391579184068708,-0.8917772565665456,-0.4385427972252347,-0.82839666799043,-1.1273064639214199,0.47713931308110835,0.441771468120562,0.070880000078972,-1.7704290459054597,-0.39528424312320376,-0.5593838836036791,-0.44641170220194404,-0.20860963502580532,0.5215274521780806,0.9376816657955753,-1.699570186605618,0.8973937654640309,-1.217026901927567,-0.8182379255935843,-1.288470896481172,-0.6988017920677525,-0.74995653813085,-1.0856796792511856,-0.9165222314673529
numHidden 	4
numGenes 	39
minGene 	-1.0
maxGene 	1.0
popSize 	80
maxEvaluations 	20000
mutateRate 	0.2
mutateChange 	0.5
seed 	1554585275453
random 	java.util.Random@27b77b56
neuralNetworkClass 	class coursework.ExampleEvolutionaryAlgorithm
Training Set Training
Fitness 0.02074745884136002