-0.24758335511859708,-0.25976389327702143,-0.5303576951392692,0.9483609930963397,0.032866844895570235,-0.616584112558807,-0.45637915601690104,-0.9299877940861037,0.4469796830298409,0.7309325321265603,-0.44259895629843116,0.09245472558068069,-0.6117947352244237,0.6807127928373433,0.16012367876992517,-0.9803456458874067,-0.3562927914797933,-0.3383064690188178,0.9075730217599418,-0.7793729445269095,0.5570669950562634,-0.35490297138422133,-0.023580250206696407,0.5092304250831925,-0.8952401159434462,-0.05394934852197597,0.07124763876490281,-0.7724536100686528,-0.047104348378514294,0.15708151231499734,-0.8864964216939764,0.47497091528591273,-0.7709305782828164,-0.2830769906907822,0.9660096479176974,-0.4904759307576869,-0.7589904385762867,0.4316911599866098,-0.5033743251671516,-0.24732266127872715,-0.7856568171612124,-0.17944863256880073,-0.487974044165159,-0.16702488293799078,0.0775523611680291,0.06549992263037097,0.6656903173114337,-0.3180893604262671
numHidden 	5
numGenes 	48
minGene 	-1.0
maxGene 	1.0
popSize 	200
maxEvaluations 	20000
mutateRate 	0.0
mutateChange 	0.02
seed 	1554146454110
random 	java.util.Random@76fb509a
neuralNetworkClass 	class coursework.ExampleEvolutionaryAlgorithm
Training Set Training
Fitness 0.11452833354148943