0.2922973195134212,-1.0186708162579525,-1.360049412025109,0.04610872517869241,-0.5873763674465724,0.8152451409903545,-0.2032670323545286,0.9801977344297319,0.4788364529346805,-1.0348594764632488,0.2854499113989565,-0.00284664554265196,-0.3046029011595696,0.41408707223564395,-0.010010396258071597,0.928724191748098,-0.4315408213048972,-0.5740604723745848,-0.6538609618482345,-0.7746711271542606,-0.33805961170838844,-0.4481424362664331,-0.0030491049465370956,0.18437807501292258,0.15101592133598307,-0.03448576642522999,0.5987125568922367,-0.26819846717948137,0.06620998310464893,-0.5582500087840563,-0.1916124647407787,-0.17045454852352326,0.7497770288035766,0.6875704657482533,-0.3318320937644815,-0.217801864282888,-0.9129196770408801,0.44102817962944524,0.4000398368323394,0.628789998712556,-0.07080907754403426,-0.2273319473698595,0.633030358400231,0.4312067039280154,-1.0110539120648898,-0.444142402070427,0.3080703246121334,-0.19145592970760344
numHidden 	5
numGenes 	48
minGene 	-1.0
maxGene 	1.0
popSize 	200
maxEvaluations 	20000
mutateRate 	0.2
mutateChange 	0.2
seed 	1554659675019
random 	java.util.Random@76fb509a
neuralNetworkClass 	class coursework.ExampleEvolutionaryAlgorithm
Training Set Training
Fitness 0.04594637733548151