-0.7039015223456524,-0.5456820234549382,-0.42220502152160294,0.7796200098722812,-0.17458234041018578,0.32290753186083004,-0.22981672977799072,-0.47103672535661983,0.8390811421020317,-0.4861651099211694,-1.3745972323012199,0.577779605047162,-0.5165815609402256,0.6088410518455447,-0.20664943167608718,0.26354772575664775,-1.2055711177191935,-0.6754559264905151,0.8800075142547996,-0.11087204163585529,0.5961109302305982,-1.1650566294628482,0.19625437752477748,-0.8070221967620692,0.300085617999352,0.4433048885355963,0.6067188432351556,-0.3982864191499372,0.6572104395062013,-0.09226398338555758,-1.1376425640543764,0.6351472940949191,0.45601953645709464,-0.9404745018480734,0.5508655112241261,-0.9750560068548484,-0.5805323352514098,0.5005881499003125,-1.1380984156052787,0.9115600395217076,-0.4794048267360033,0.5261204484499327,-0.8604998554803551,0.10013892205473163,0.019373006850603336,0.190838837600931,-0.11805971660580772,-0.4154442463451307
numHidden 	5
numGenes 	48
minGene 	-1.0
maxGene 	1.0
popSize 	200
maxEvaluations 	20000
mutateRate 	0.2
mutateChange 	0.2
seed 	1554659314493
random 	java.util.Random@76fb509a
neuralNetworkClass 	class coursework.ExampleEvolutionaryAlgorithm
Training Set Training
Fitness 0.01809619005939171