-0.09119418405019314,0.9556862246076756,0.6108515484890353,0.22873410706458508,0.14991775909022614,-0.4914024214481027,-1.0341055309449836,-0.5320203384747262,0.01743559302641723,0.9231359122664966,-0.04097874434303478,-0.33068839393487676,-1.1108194157806202,0.697463014067631,-0.8414049494953828,-0.5708758338764117,-0.5259806446647479,0.34311130773998716,0.38627873537260043,-0.99714735719582,0.7834146465827034,-0.35748814308118665,-0.09500015647272392,-0.09400168957109944,-1.0613852657714498,-1.3160506111477952,-0.9513850098190697,0.6445883722806449,-0.6789864963002852,0.44602604609029733,0.4931880944885147,-0.05265177611478861,-1.2138966890027822,0.2572326232036737,0.08893836378202086,-0.21837060166610062,0.7868339464780911,0.6222404501641579,0.6035532804594927
numHidden 	4
numGenes 	39
minGene 	-1.0
maxGene 	1.0
popSize 	80
maxEvaluations 	20000
mutateRate 	0.2
mutateChange 	0.2
seed 	1554664048073
random 	java.util.Random@27b77b56
neuralNetworkClass 	class coursework.ExampleEvolutionaryAlgorithm
Training Set Training
Fitness 0.012593782705794341