-0.7140342550373397,0.4960272314200638,0.6402142474428891,0.33948847601876664,-0.7118687534472272,0.986099817919283,0.35097242999364786,0.3565060606303381,0.8120368044161894,0.7413395618979746,-0.34453500194421394,0.23239807041417304,0.6912577106722586,0.03496870107854,-0.5624161992271977,-0.33684524549451433,0.8913467992326749,0.6982557552751363,-0.7638916651939047,-0.09283277871939588,-0.7964586275367556,-0.4042443697341509,-0.8011795493270553,-0.5539994945262237,0.3777633427734792,-0.5532536584602741,0.6123768019497056,0.5662325654183809,-0.5951033232591467,-0.9531170028069005,-0.7201177583974099,-0.5804320082560912,0.8181295502365711,0.7816274095785358,0.8333117496266527,0.8743321394918588,0.12799925194979678,-0.7221073586093472,0.8760394817116846,-0.39072171914322285,-0.3064712279296329,0.5469071952588094,-0.8260911677166021,0.9716745115429637,0.846995717743678,-0.9006046455839398,0.2582761030401801,0.16603559354914355
numHidden 	5
numGenes 	48
minGene 	-1.0
maxGene 	1.0
popSize 	200
maxEvaluations 	20000
mutateRate 	0.0
mutateChange 	0.02
seed 	1554146625997
random 	java.util.Random@76fb509a
neuralNetworkClass 	class coursework.ExampleEvolutionaryAlgorithm
Training Set Training
Fitness 0.10001886207392445