0.349137404300921,0.9167325620442669,0.7470086595820216,0.6775136153248166,-0.8938230556519565,-0.18142479155812735,0.8283749583281307,-1.0979617069412446,0.43778597221318477,0.8898849781918274,0.43352367306344514,-0.723436725670219,-0.92573278532589,0.7632596020305781,-1.084951795386074,-0.795462952741399,0.3262426648868992,0.4384967052069409,0.24882737181097497,-0.7306510417948666,-0.4301294867671946,-0.1986397605939668,0.08124213332636172,-0.23810394096552295,0.42710706488689804,0.11629078135125477,-0.3423996718848664,0.9873684170787245,-0.955859265487445,0.3076916860221127,-0.17568913269424824,-0.4456383375953385,-0.4894217127019353,-0.09300008091358065,-0.2519481718127121,-0.6267481802576848,0.18391792012495717,-0.13217013548231055,-0.19161934643237605
numHidden 	4
numGenes 	39
minGene 	-1.0
maxGene 	1.0
popSize 	40
maxEvaluations 	20000
mutateRate 	0.5
mutateChange 	0.08
seed 	1554303538996
random 	java.util.Random@26500ce7
neuralNetworkClass 	class coursework.ExampleEvolutionaryAlgorithm
Training Set Training
Fitness 0.011771487674227105