0.7286527683959574,-0.09845517271665005,-0.9978676385851022,-0.6060713444542194,-0.64043911015748,0.5016482718431985,0.7290190709113975,-0.09215817917754365,0.8728631741605009,0.6196300040532297,0.35761099189977186,-0.4147772134590537,0.7590864710951759,0.6932337850479353,0.786740420947035,-0.41218077793223107,0.27217259215100253,-0.5570582910040309,-0.965138228529024,-0.6546266899895958,0.06343654574002633,-0.12241256313605997,-0.4155180644779166,-0.19018072850636503,0.196908512850958,-0.9647875573162432,0.023688812432830275,0.8235884431203389,-0.21459774280211885,0.6937098217050766,-0.5242867451540529,-0.4160066538352021,0.5696586915652326,-0.784616062231899,0.7745078469771278,-0.39362857286377784,-0.25671985317646495,-0.08229804183014311,0.33101151903759773
numHidden 	4
numGenes 	39
minGene 	-1.0
maxGene 	1.0
popSize 	60
maxEvaluations 	20000
mutateRate 	0.0
mutateChange 	0.02
seed 	1554143375843
random 	java.util.Random@61695393
neuralNetworkClass 	class coursework.ExampleEvolutionaryAlgorithm
Training Set Training
Fitness 0.07938409999338067