0.48935652957739273,-0.33244996553369255,-0.5818558615992171,-0.5053127873075098,-0.41098096698385755,0.11436029956930294,-0.5346710903087228,-0.4524988877768219,0.5407162743800962,0.7517102487895817,0.051567120272211664,0.20628463172338107,-0.18301175046396012,-0.14110463193368572,0.05641580763655085,-0.3484891766886262,0.20494938518003214,-0.24337065787366963,0.8232175725597488,0.4903182570228517,-0.3040425104807407,-0.8446926027392989,0.6429104682558742,-0.6290971637033593,-0.8123543460670137,0.6179024810362199,0.9315286904902287,0.037792151673299745,0.23405764501941007,0.1547937234027763,0.33781994259650605,0.01778460022663708,0.521947754564067,0.0578445976493398,0.4877208194171725,-0.3379236556119336,-0.3547336852513665,0.610679449291051,-0.728360259310699,-0.2922278381502388,0.9252880961575065,0.9983153447528337,-0.12076892215666346,0.8069177434272474,0.8513143772776632,-0.10546274726967853,0.9078686268835743,-0.31194855763076546
numHidden 	5
numGenes 	48
minGene 	-1.0
maxGene 	1.0
popSize 	200
maxEvaluations 	20000
mutateRate 	0.0
mutateChange 	0.02
seed 	1554147270070
random 	java.util.Random@76fb509a
neuralNetworkClass 	class coursework.ExampleEvolutionaryAlgorithm
Training Set Training
Fitness 0.11313321966303311