0.7620658618162779,0.05830216341928185,-0.08339018138395171,-0.873325576857224,0.657221578627443,-1.0217448427544547,-0.9741593498225006,-0.5297240024936846,0.3423478989762281,-0.47917003548208315,0.9355639137682289,-1.1653101177306957,-0.05699180001221904,0.3424986949215878,0.8530206575663473,-1.17609573781965,0.10747481552129468,-0.5644451184415261,-0.8749853745701873,-0.5593916887320713,0.16547533600295794,-0.9173813626903625,-0.27088759844850696,0.34967869678641506,-0.18609222750146304,0.22208795388229607,-0.5037433513214712,0.11741747028830984,0.5017139296768942,0.3507297421825625,0.9313963672637241,-1.23378703020491,-0.5444457208793917,-0.8378167713893727,0.2394412138595351,-0.6818786049092552,0.09988029440147672,-1.184774855434005,-0.8129493563876962,0.5571960316751658,-0.7205456855316275,-1.1967749623912858,0.8164703612613053,-1.0607810208777324,0.14931807184436063,-1.1037025408490777,0.815833224779465,0.3388182660130137
numHidden 	5
numGenes 	48
minGene 	-1.0
maxGene 	1.0
popSize 	200
maxEvaluations 	20000
mutateRate 	0.5
mutateChange 	0.12
seed 	1554583668512
random 	java.util.Random@76fb509a
neuralNetworkClass 	class coursework.ExampleEvolutionaryAlgorithm
Training Set Training
Fitness 0.017267509335835686