-0.9933185940381635,0.413286840436466,0.22113719650619146,-0.26892379467543925,0.3225544289683735,-0.5131550228011521,0.2804589451879509,-0.3528106362482608,-0.9439430576210497,0.355894063449699,-0.3704277206463997,-0.37060095992973596,-0.9025654583161975,0.9682256345401534,-0.4779835242921724,0.04511853447892422,0.6085467103654822,-0.6089777982858564,-0.44028968799245116,-0.07224290078369933,-0.7215846771680192,-0.7896716334173732,0.19415725062206124,0.13014854725073488,-0.8478573943556875,-0.1081923972247747,0.6450862808755173,0.5164636039342734,0.28484512522258343,-0.11044838886618624,-0.9334762650399673,-0.9402549484157383,0.3486048798791255,-0.14508107630401557,-0.43585430335176767,0.7583838817185922,0.11529650515375489,0.33647398170136533,-0.7638060511726483,0.44679707885817455,-0.03705012543810948,-0.39476196266175134,0.9098940536511739,0.16811713299399633,-0.005523096458185384,-0.2367127903925288,0.5713466160585987,0.34342035748629796
numHidden 	5
numGenes 	48
minGene 	-1.0
maxGene 	1.0
popSize 	200
maxEvaluations 	20000
mutateRate 	0.0
mutateChange 	0.02
seed 	1554145001061
random 	java.util.Random@76fb509a
neuralNetworkClass 	class coursework.ExampleEvolutionaryAlgorithm
Training Set Training
Fitness 0.11481494664805607