0.519165329382987,-0.5757451245219849,-0.3585034281677959,-0.17159961454089018,-0.4952401561625972,0.5172473370221655,0.5625804181070311,0.10256963830596,-1.0593015292472736,-0.08485056669824353,-0.7728542662990014,0.20392131249522505,0.011837892922840432,-0.5560959010011846,-0.3159313241917958,-0.6891335920762964,0.011849107471367581,-0.29008244281277684,0.8506392937615552,0.8726524004639513,0.39125943239233285,-0.9073531896849636,0.8517259410012146,-0.6802601949003877,0.0681806582636224,0.2535293062708581,-0.2514318633950101,0.23253490653409803,-0.41076298038037673,0.4184949271407612,-0.1973220573447383,0.9013707749027209,-0.26794509479379447,0.04672038772296849,0.8155789405540217,-0.8899109836488532,0.6706907511335564,-0.120383582435871,0.41210962724484473
numHidden 	4
numGenes 	39
minGene 	-1.0
maxGene 	1.0
popSize 	100
maxEvaluations 	20000
mutateRate 	0.05
mutateChange 	0.08
seed 	1554229728521
random 	java.util.Random@1c166344
neuralNetworkClass 	class coursework.ExampleEvolutionaryAlgorithm
Training Set Training
Fitness 0.1410046754750044