0.31740323263070214,0.35765695248246665,-0.3071806486078795,0.291901553031234,-1.104914602020703,0.9641015862580702,-0.5613301738075259,-0.19653176748579537,0.21880327399235422,-0.24238179188910636,-0.7378635261633257,0.8518958496944343,-0.790467242336901,0.9048681781553333,0.597981305050685,-0.3214322080662514,0.4229919551603588,0.08899371710153758,-0.07507453496424754,-0.3776146608764921,-0.20020724460540418,-0.5412449834925543,-0.34936347953188607,0.4452342416955827,0.7894558372131839,0.4833522368576001,-0.9922375583968824,0.5780650129490276,0.9885354121981986,0.8700739388409131,-0.6579201203398973,-0.7291401341383267,0.6378662326348098,0.682303777597437,0.9548389956523673,0.7164012938334503,-0.09878966620595397,0.7683072472078368,-0.025097285129275337
numHidden 	4
numGenes 	39
minGene 	-1.0
maxGene 	1.0
popSize 	40
maxEvaluations 	20000
mutateRate 	0.3
mutateChange 	0.12
seed 	1554411047533
random 	java.util.Random@128a444f
neuralNetworkClass 	class coursework.ExampleEvolutionaryAlgorithm
Training Set Training
Fitness 0.10645512056417185