0.8628383965024333,0.6825274322715902,-0.12850166754504033,-0.969214000193265,-0.8611197190425086,0.7868043239197318,-0.6613814963904594,-0.4308906233092224,0.365779954411888,-1.0548434323020723,-0.40025070960731174,0.4719093151175425,-1.055719838510635,-0.07744471890047577,-0.13993648539532433,0.808274714606251,-1.1515979873653612,-0.6645406876924811,-0.2520006004794585,-0.048266858062306406,0.1271143438677419,-0.12418377184004181,-0.4467189920364942,0.3802102195267018,-0.1283960181107925,-0.038358177379298586,0.6956828760394675,0.008188894499149113,0.0941556203853629,0.4262988700759975,-1.2714458994158642,0.05400977280669572,0.7587894069708374,0.6433631706074789,-1.2184905283181209,-1.1137296221922053,-1.289553121130451,0.8812292108661968,-0.3404156129942579,-0.6532034648838159,0.2686541185953356,-0.3086258499080394,-1.1584582145667637,0.7136746448889473,-0.21676583273102346,0.15646393872278452,0.3579097363430512,0.7463489320604118
numHidden 	5
numGenes 	48
minGene 	-1.0
maxGene 	1.0
popSize 	200
maxEvaluations 	20000
mutateRate 	0.2
mutateChange 	0.2
seed 	1554658537277
random 	java.util.Random@76fb509a
neuralNetworkClass 	class coursework.ExampleEvolutionaryAlgorithm
Training Set Training
Fitness 0.018154524663669968