-0.8686606613642361,-0.13084793434337155,0.7095343226964521,-0.36821421564099666,0.7694087242759874,0.5076789478630259,-0.5471296823368383,-0.4028899340656243,-0.23471277095873733,-0.4692037850996606,-0.8011363469130396,-0.4753382101507058,-0.6160660312404576,0.2144707369177391,-0.12653227647791526,-0.2840687769603469,0.3293743061883441,-0.7029884915559078,-0.35080667735918947,0.676765838626595,-0.6205229403722655,-0.30439945788677936,-1.1451252874842073,0.39850404848032905,-1.1568661959747935,0.2844597685253774,0.2657050299050246,0.3374508413115646,0.13739194495611223,0.5487875253924563,0.11878784746539843,-0.6251641770064812,-0.32939240455386015,0.5427382758039668,0.32421707114831033,-1.0202146359126751,0.838701444985384,-0.5336396591436114,0.35896306946682044
numHidden 	4
numGenes 	39
minGene 	-1.0
maxGene 	1.0
popSize 	40
maxEvaluations 	20000
mutateRate 	0.5
mutateChange 	0.08
seed 	1554301930255
random 	java.util.Random@7fa24ad0
neuralNetworkClass 	class coursework.ExampleEvolutionaryAlgorithm
Training Set Training
Fitness 0.10932921908911009