0.8006209923391147,-0.2525343285943332,-0.7088064869514915,0.6027470556391765,-0.15065829038244805,0.8311755317269919,0.7149783877290268,-1.0637412516481861,-0.5871038840197392,-0.6712965929445559,0.27499870359889556,-1.1867871287167948,-0.5864850616078223,0.8089238042201249,0.09095092601648125,0.9875348080465661,0.3249303977043476,0.6337052677900079,0.3522543433577072,-1.0263033098670469,-0.8940553983344168,-0.3469378553634551,-0.2875833237727813,0.32629342392971394,0.6852122166695342,-0.3542087942917346,0.8001132746511285,-0.15934892350564467,0.27841144007354957,-1.004854403120623,0.8663178069839038,-0.38875152928597057,0.65593087572079,-0.07082121704965727,-0.12497391242717337,-0.6939412416081419,-0.8413473933209037,-0.5620331469490931,-0.12418196414039673,0.618747767638855,0.18136564734164295,-1.2150030027339849,0.6697050221066829,-0.1930070342384621,-0.8722040873283916,0.3575884345056032,0.8754136867223649,0.1540153215618375
numHidden 	5
numGenes 	48
minGene 	-1.0
maxGene 	1.0
popSize 	200
maxEvaluations 	20000
mutateRate 	0.5
mutateChange 	0.12
seed 	1554584202312
random 	java.util.Random@76fb509a
neuralNetworkClass 	class coursework.ExampleEvolutionaryAlgorithm
Training Set Training
Fitness 0.10670758565742441