-0.371771634982785,0.7604603146701553,0.8191457681645491,0.05769082961867944,0.31018274620326813,0.4400068919115159,0.4586639648033113,0.24852745707971846,-0.46395688954820424,0.9721600572310232,0.3490480330084058,0.8482491619571924,0.9100262585177353,0.15953048102845568,0.159736752599957,0.7974275273391402,-0.5095631262592786,0.8302595253027922,-0.4456404129601975,0.5333285547897699,0.25857747121935826,0.39776353631398387,0.22407600340370826,0.2743064772584646,-0.4568780894447242,0.0910740706289348,0.2594803078871505,-0.01889185193423981,0.37172242705224623,-0.6571236505432118,0.5080372150008083,0.15769852479768565,0.7451362125105284,0.6514884251159094,0.10377911750692304,-0.35039333633291525,-0.8948276499087836,-1.1053352086739583,-0.011738173871930657,0.34568447146566483,0.756276298767292,-0.5127524746459646,-0.8334594611416861,0.8295592416110975,0.9015844196159711,0.30133034283655125,0.09919457212525529,0.559952522919075
numHidden 	5
numGenes 	48
minGene 	-1.0
maxGene 	1.0
popSize 	200
maxEvaluations 	20000
mutateRate 	0.5
mutateChange 	0.12
seed 	1554581102843
random 	java.util.Random@76fb509a
neuralNetworkClass 	class coursework.ExampleEvolutionaryAlgorithm
Training Set Training
Fitness 0.09952148654499846