0.834844671211592,0.08223613139649373,-0.48812863766994025,-0.8255249300707626,0.5359076026390652,0.9664940952341413,-0.7004128140196535,-0.18064386485175216,0.6027525296273748,-0.10619165162306077,-0.124989353682178,-0.6626513010990875,0.17876967766017304,0.7106355972535774,0.6178556754071509,-0.8575921123389858,-0.13588734303953398,0.4466354358707103,-0.5337133646158141,-0.8748805882352612,0.956053146463864,-0.7879287529531926,-0.3318795986170888,0.22828037489494868,0.9482685434100346,-0.6818539070941545,0.2717137712447002,-0.6463078885819828,0.5605244465237127,0.651873081371255,0.14565105676056245,-0.31340194430447177,0.05526618811909967,-0.14541396442799592,-0.296574095673207,-0.46476289524063263,-0.9323106456370649,0.6617913226128855,0.38632719362051127
numHidden 	4
numGenes 	39
minGene 	-1.0
maxGene 	1.0
popSize 	60
maxEvaluations 	20000
mutateRate 	0.05
mutateChange 	0.08
seed 	1554231854981
random 	java.util.Random@702ef4c4
neuralNetworkClass 	class coursework.ExampleEvolutionaryAlgorithm
Training Set Training
Fitness 0.0983292515424452