0.30923012937889055,0.6518590443765753,0.4306466898260372,-0.2831949178350046,0.7077734747412854,0.19273273814726088,-0.9079493925043876,0.06596147130296848,0.989908609828072,-0.11243460844658393,0.06912793979166704,0.6302334115164843,0.3930358399884734,-0.6311403354984544,-0.9658276047816499,0.6842055499135469,-0.289033875100397,0.3244983386738764,0.2623843263975135,0.007097750727463381,0.04248027401147786,-1.1169854959060432,0.45151461814702215,-0.8910117891342646,0.5513965379389008,-0.7308257962311948,0.5253377847045492,0.36163319823646883,0.37585475651158234,0.32041195052579957,0.4088571617746592,-0.6050696645993963,-1.12196087884606,-0.726201268102133,-0.42708986120673126,-0.25453640151631485,-0.508420611090102,0.36486315442007416,0.36810830754693774
numHidden 	4
numGenes 	39
minGene 	-1.0
maxGene 	1.0
popSize 	80
maxEvaluations 	20000
mutateRate 	0.3
mutateChange 	0.2
seed 	1554665768873
random 	java.util.Random@20734173
neuralNetworkClass 	class coursework.ExampleEvolutionaryAlgorithm
Training Set Training
Fitness 0.07608128499535481