0.2749371439088012,-0.6042882801628857,0.47374354783413797,0.5297530504253594,0.5827729281466976,-0.006910491207648306,-0.8391955978471828,0.5878452535465709,0.7591751735698893,-0.32469289568357707,0.9869916011961539,-0.2696163857461208,0.730492867965409,-0.6597196302253715,-0.6644835702890491,0.136052792285139,0.07601019202242054,-0.3325978655692172,0.09378189211045296,-0.32877201587864247,-0.21413077307573825,0.07686664663989073,0.5080115919740166,0.2907116344403683,-0.0010904854668539743,-0.8336450010452034,0.4847198102542092,-0.8089143623540611,0.8222618272137251,0.4243611212854813,0.3396510749328332,0.5888117354598141,-1.0172611132196687,-0.5992335510372104,0.15426856712166825,0.09778795449255173,-0.009233266496941561,-0.48090074537134786,0.5418264742815728
numHidden 	4
numGenes 	39
minGene 	-1.0
maxGene 	1.0
popSize 	40
maxEvaluations 	20000
mutateRate 	0.5
mutateChange 	0.12
seed 	1554410477702
random 	java.util.Random@2ceaf984
neuralNetworkClass 	class coursework.ExampleEvolutionaryAlgorithm
Training Set Training
Fitness 0.020623321867069604