-0.49054404588350964,0.648539774077944,0.5023580425527754,-1.140202116244362,-0.16617258439530547,0.2412795904791829,-1.0711028881107993,0.6843416958578833,0.538575185559598,0.8242260844688223,0.34360424986548876,-0.15875215655827035,0.04032593617084479,0.018288003207568182,-0.4124449995227555,-1.142234160881162,-0.16723311043248168,-0.26499073461384637,0.767451230017541,0.22728707610516774,-0.8516079627846695,-0.37496296662802675,0.7983519381183367,0.6415994583287161,-1.2281337962658214,-0.011124677467218347,0.056548621789467846,0.15884646696087568,-0.8543257885026997,0.6661564455027292,0.1432910697094788,-0.1724751970102003,-0.9005762114933049,0.6434917601767783,0.30202180988390137,-0.04806607374618144,-0.5926242453975747,-0.432709191274418,0.8162319300717761
numHidden 	4
numGenes 	39
minGene 	-1.0
maxGene 	1.0
popSize 	40
maxEvaluations 	20000
mutateRate 	0.3
mutateChange 	0.12
seed 	1554475150146
random 	java.util.Random@128a444f
neuralNetworkClass 	class coursework.ExampleEvolutionaryAlgorithm
Training Set Training
Fitness 0.09720117618607557