0.8102262576949925,-0.6122477476170847,0.3011846492179795,-0.8338342568388211,0.3868622633468929,0.9928485767181474,-0.5309402710798351,-0.6342748209413565,0.6105199543312916,0.9894107885289259,-0.38184232942239205,-0.27226236082564614,-0.2138678185671798,0.6560445097714022,-0.4562048595132478,0.42347150640756276,0.7469628130164355,-1.1480486217023513,-0.7182140148447366,-0.4547073821421541,0.3426438020518106,-0.4440765760241662,-0.5434506701541643,-0.799735652741019,-0.8778850494536835,0.8910451777465792,-0.5057219303949898,-0.8976283088683732,-0.5019308887305808,0.6435091719708286,-0.16676511354846663,0.8264302687242356,0.8744369427608873,-0.5508474342968201,0.1795193098033694,-0.48925483199538045,0.7815546682402407,0.4435544507616013,0.9593410113814846
numHidden 	4
numGenes 	39
minGene 	-1.0
maxGene 	1.0
popSize 	60
maxEvaluations 	20000
mutateRate 	0.5
mutateChange 	0.08
seed 	1554298758215
random 	java.util.Random@7fa24ad0
neuralNetworkClass 	class coursework.ExampleEvolutionaryAlgorithm
Training Set Training
Fitness 0.13846000778222517