0.773860146615373,-0.24857659026156098,-0.7776612423724096,-0.5646005757372952,0.0267502165261847,0.3785078035309093,-0.7750599168553991,-0.5687016114552718,0.8683607963700479,0.27986503314889755,0.645435494447197,0.3226349836058505,0.8210637352133315,0.8630688257928071,0.41599374461219985,0.5039590023567863,-0.936741184927561,0.5551069947100131,-1.0237209200240032,-0.6125281154067812,-0.39879385031698145,0.41068151761083826,0.14752339337245124,-0.39940436912670596,0.8649558167067856,-0.26082379570238734,0.036775890637473774,0.20626835847471925,-0.568742683006767,-0.7057107913112527,-1.1977787397814756,-1.049216206331637,-0.2495260301053741,0.33509203517173236,0.29084802245652364,-1.034993215356344,0.5611657423234346,0.20454346163749448,0.05263957177982581,0.29831329742451385,-0.004853890747405942,0.7812512726689674,0.3208505473976392,-0.20938138898846004,-0.5925410693319998,-0.27745878268183377,-0.41417718872220277,0.046372869079187584
numHidden 	5
numGenes 	48
minGene 	-1.0
maxGene 	1.0
popSize 	200
maxEvaluations 	20000
mutateRate 	0.5
mutateChange 	0.12
seed 	1554577728829
random 	java.util.Random@76fb509a
neuralNetworkClass 	class coursework.ExampleEvolutionaryAlgorithm
Training Set Training
Fitness 0.08058176101071779