-0.7520149678764703,-0.45247427699404336,-0.9608638184289015,0.1217480717608921,-0.04870098208655789,0.7443468906677495,-0.5649298247957576,-1.0020793972840745,0.14740956853614995,0.5819419669182616,-0.8053814076577613,0.48129231380845094,0.8454868437664089,0.12136343387149556,-0.9836956400415621,-0.7870897009822027,-0.05118495628840926,-0.7084685745789328,-0.7215960143202951,0.7791348312787231,0.8810755347633551,0.4293421344076635,0.563537320862387,-0.0819287700704995,0.06166555499426442,0.5783459483853715,0.09074084253535193,-0.15021324574443096,0.0693117825884277,0.21457154958826313,-0.7881761334965324,-0.0795084056955402,-0.3210569364011859,-0.6330988769135603,-0.9342400529075056,-0.5490603464644436,0.46498817051579483,0.38072884516826,-0.05568074768599353
numHidden 	4
numGenes 	39
minGene 	-1.0
maxGene 	1.0
popSize 	40
maxEvaluations 	20000
mutateRate 	0.5
mutateChange 	0.08
seed 	1554300544178
random 	java.util.Random@6b7c839d
neuralNetworkClass 	class coursework.ExampleEvolutionaryAlgorithm
Training Set Training
Fitness 0.04436958697728348