0.46908825748455635,-0.4655303673963442,0.49223983439353863,-0.67737020146653,0.2862720681018417,0.696364312304266,0.3776538316135894,-0.5915923882722571,-0.509985586451368,-0.6176570134729384,0.6485738627350119,-1.356360701053294,0.9360382528805935,0.5920757739945295,0.1350599981320133,-0.4422275394925801,-0.9324823635542772,0.5687575986590014,-0.03346345242823001,-0.03995169796702791,0.17030394696272833,-0.04731989964088951,-0.3844659148540558,0.6873154698157633,-0.7276377922433797,-0.04642331724633625,0.5721954164370138,-1.2630921524635248,0.03757551642302387,0.9146532208075371,-0.7383825872797085,-0.24152523259987724,0.6685298008500449,-0.39120415501218814,0.41180581734411764,-0.7725185670026253,0.059843598712710666,-0.3624764068781926,0.6382206205631615
numHidden 	4
numGenes 	39
minGene 	-1.0
maxGene 	1.0
popSize 	80
maxEvaluations 	20000
mutateRate 	0.2
mutateChange 	0.2
seed 	1554660782870
random 	java.util.Random@27b77b56
neuralNetworkClass 	class coursework.ExampleEvolutionaryAlgorithm
Training Set Training
Fitness 0.020325436160394807