0.6727918626306991,0.3339679241245317,0.2691805929176907,0.13967322226183976,0.3077210203498062,-0.828515830851541,0.5553651280031929,0.6945311353532062,0.17329101181346984,0.039830000902016716,0.35492214722117477,-0.5667272618562043,-0.21161367567778244,0.6155791465068373,0.4678060988448003,0.5147235879067669,0.06761004565085815,0.9063898448686556,-0.23038007562966256,-0.5399597007136694,0.36287095834308447,0.5171234069845797,-0.0699607018885835,0.39426320449480756,0.46680617249078127,-0.6302004364809957,-0.8601472144513886,0.9984616698330855,-0.45083017368127654,-0.9609279939811624,0.2909132084122372,0.08797550051890402,0.8579091850000562,0.6561891582718815,0.4422440947449684,0.9882897814813594,-0.3419457848321312,0.9034438580456603,0.4601480243806966
numHidden 	4
numGenes 	39
minGene 	-1.0
maxGene 	1.0
popSize 	60
maxEvaluations 	20000
mutateRate 	0.05
mutateChange 	0.08
seed 	1554229247369
random 	java.util.Random@26ea013b
neuralNetworkClass 	class coursework.ExampleEvolutionaryAlgorithm
Training Set Training
Fitness 0.12362379176604957