-0.8497662981720591,-0.6015520384754691,-0.5608572545579682,-0.48289167861959714,0.8856430512623004,-0.13554573477522025,-0.2293137420526119,-0.5919336267577147,-0.7048351436889047,-0.6458106423741508,-0.3449203620984729,-0.5848191161984191,-0.19033285230255648,0.30049617906859205,-0.6491516951199694,-0.6786280257186064,-0.5161708160533907,-0.38868527542781717,0.7741514137372563,0.25687770657593423,-0.6982200169724528,-0.5376578388609456,-0.37880416486755686,-0.7933133271460742,-0.22234796847925908,-0.8897517745014687,0.5711352467732596,-0.9259919445947096,-0.6039575877550645,0.6769888110862814,-0.16102831740397883,-0.8900738356812155,-0.6407215994719762,-0.12478041083813385,-0.774434705275723,-0.7742038102025037,-0.7305648911829024,0.9959958495915899,0.16329245012023397
numHidden 	4
numGenes 	39
minGene 	-1.0
maxGene 	1.0
popSize 	100
maxEvaluations 	20000
mutateRate 	0.0
mutateChange 	0.02
seed 	1554223781760
random 	java.util.Random@685e9c57
neuralNetworkClass 	class coursework.ExampleEvolutionaryAlgorithm
Training Set Training
Fitness 0.1119060432082428