0.9739297564871883,0.38357129897236386,0.45513887668934494,-0.4851507305047047,0.28628564323947536,0.6782483479530497,-0.6840795868917235,-0.7955557039938128,0.8969617586076599,0.6344827324290339,0.4113903185381058,-0.3744016153404688,-0.4597785029718815,0.40302669220678844,-0.35009497979759274,-0.06774638560155744,-0.7900857041357303,0.12414722213333418,0.5573777990743638,0.7615699946896883,-0.38670644445307856,0.3420045590089835,0.49603955647613307,0.32098353601742424,-0.47881371237472514,-0.1317099399777253,-0.6706470568413525,0.22590670047111794,-0.102744110550272,-0.40441404711935647,0.40009412183348125,-0.8427809924312264,0.4058492257388273,-0.7548072497076903,0.7139232769232315,-0.45160571044027153,0.8473180358688097,0.9468731150199063,-0.9933710141119438,0.013552156051963138,0.9474798446083117,0.5222549292035032,-0.13339145306670663,0.4426400273033604,0.989973707647072,-0.38631130618296083,0.5811643480771944,-0.06770745242654952
numHidden 	5
numGenes 	48
minGene 	-1.0
maxGene 	1.0
popSize 	200
maxEvaluations 	20000
mutateRate 	0.0
mutateChange 	0.02
seed 	1554143858641
random 	java.util.Random@76fb509a
neuralNetworkClass 	class coursework.ExampleEvolutionaryAlgorithm
Training Set Training
Fitness 0.10442640962221428