0.0037293442079722183,-0.3049657481935799,-1.017810094808866,0.818216915917288,0.27536500262983343,-0.4907882090710135,-0.0724602908193589,-1.178826949954586,0.46734170643483663,0.824425944784594,-0.9998018815738267,-0.5531310186779484,0.737435582114018,-1.052582497436037,-1.1414650076139852,-1.096860914814628,-0.6808903614081934,-0.6729543563577025,-0.5833424191590773,0.03172178287684135,-0.5324412332494307,-0.24177652423047036,0.28691229935019036,0.17036619120296448,0.08865172486784834,-0.051722148919697175,0.6042064185496588,0.48481073722339396,-0.1426928619127208,-0.8167732641440619,-0.8298697917372504,0.8098847874294953,-0.13214628104546955,0.09310721240907449,0.8071268777537884,-0.4931263292303213,0.34744215645772203,-0.39037179817451106,0.17772173528048563
numHidden 	4
numGenes 	39
minGene 	-1.0
maxGene 	1.0
popSize 	40
maxEvaluations 	20000
mutateRate 	0.5
mutateChange 	0.12
seed 	1554401073617
random 	java.util.Random@1c166344
neuralNetworkClass 	class coursework.ExampleEvolutionaryAlgorithm
Training Set Training
Fitness 0.01045095914694807