0.6196696745916287,0.684527160100476,0.7008519876453586,0.4538043764839237,0.7042270327410796,0.3534645496913401,-0.6006400100786848,-1.208592203865725,-0.05168967833608151,-1.0636887245366657,0.8453778091305477,0.4789314576966949,0.7257469757083561,0.7171313659173085,0.8685935591495525,0.9281767143630903,-0.12052021099047006,-1.0657520692782252,0.6599262519748452,-1.2196188679166902,-0.1916465985322,-1.1192386517819517,-0.2931564138383399,0.7032703207834529,-0.05566681663547579,0.5485204053594028,0.39211186689807187,0.9946105464558387,-0.28366841832966505,0.12010057371714233,0.8103163768169672,-1.2159564161641918,-0.14623094802242653,-0.3465801067017774,0.4046938427266573,0.4063098461870277,0.682449898010062,-0.5137972471879542,-0.6024788155856461,0.9627975254845664,-0.8927128904143685,0.4925782269548117,0.6005090207426433,-0.325319088229058,-1.099137128607206,-0.8483201401826294,0.7273501538830425,0.6397400992332897
numHidden 	5
numGenes 	48
minGene 	-1.0
maxGene 	1.0
popSize 	200
maxEvaluations 	20000
mutateRate 	0.5
mutateChange 	0.12
seed 	1554568885480
random 	java.util.Random@76fb509a
neuralNetworkClass 	class coursework.ExampleEvolutionaryAlgorithm
Training Set Training
Fitness 0.01518092700975181