0.7108290068161252,0.4923644008679795,-0.09941778690085745,0.24512725578743533,-0.7309536815469007,-0.9509653860873335,0.05428981580303671,0.8999952138274279,-0.908835376959952,0.540790590583351,0.3048161747096212,0.527972417404152,-0.5157031369625369,-0.02121993659745347,-0.7050831111291407,-0.8007437621921305,0.46910257079390116,0.5160280129286676,0.39689757041779905,0.2379659813129349,0.7031819752623651,-0.3986033424674831,-0.7910523895068733,0.4242102073081677,-0.5413550680525905,-0.5054343921602398,-0.047218306135284216,0.47923627299489935,-0.036495471461112095,-0.7888628661867836,-0.8455494202108438,0.13159152009656405,-0.14489766813740768,-0.13359889023889138,-0.3134184996744418,0.5731213902622709,-0.0041259455673277046,-0.012502621628953214,0.9408626350860112,-0.7020099928722179,0.4782978585193094,-0.4559162897720366,-0.282413236482022,0.8818262582823537,0.8296917538707174,0.8645756141328436,0.7317057096258057,0.22784182958530752
numHidden 	5
numGenes 	48
minGene 	-1.0
maxGene 	1.0
popSize 	200
maxEvaluations 	20000
mutateRate 	0.0
mutateChange 	0.02
seed 	1554144294234
random 	java.util.Random@76fb509a
neuralNetworkClass 	class coursework.ExampleEvolutionaryAlgorithm
Training Set Training
Fitness 0.12662128026179917