-0.18058529029522785,-1.0700588288969384,0.28548618523661506,-0.7048370037531144,0.9230363323913042,-0.5096349601368699,-0.765758179285537,0.9605313312474937,0.22309820975396805,-0.19273021072737118,-0.36176054844607536,0.3726847210577262,0.5268056649120822,0.3243267189302401,0.016676594267620207,0.9718108464677231,-0.8869194309642203,0.052359302899188956,-0.20452123658482368,0.30729806857108855,-0.4810010407671075,-0.10446439462517843,0.7840937743489396,-0.35657606007000475,0.9275720628257142,-0.6960179314848025,0.9932917658921216,-0.8255272812031295,0.9717197194560008,-0.21769010933776256,0.07110159193672083,0.23431116109237982,-0.07570847318745311,0.38521785063424274,0.33196841759424256,0.9644259107955628,0.8238210162970161,-0.24209612819014215,0.36248846639991056
numHidden 	4
numGenes 	39
minGene 	-1.0
maxGene 	1.0
popSize 	60
maxEvaluations 	20000
mutateRate 	0.05
mutateChange 	0.08
seed 	1554227711217
random 	java.util.Random@657c64e7
neuralNetworkClass 	class coursework.ExampleEvolutionaryAlgorithm
Training Set Training
Fitness 0.13470680608973795