-0.7337161261889638,-0.49848299358689374,0.46595516204127385,-0.3264921128466436,-0.8448367771097531,-0.5101660361936182,0.12952516174159645,-0.7944483625538117,0.6432529178554147,-0.37807933485376366,0.8640055710558412,0.6554294840440538,0.20033017367895045,-0.6211050366383817,-0.40152538603519483,-0.985105950708014,0.70000508017657,-0.6933222989143175,-0.5336842582841201,0.0972138405352343,-0.5325197048029244,-0.7400939970268816,0.9560921030738083,-0.9153994281945421,0.6198185391290225,-0.641139849073715,-0.06717929145774737,-0.40770824873358014,0.4290590764903963,-0.05152090698670042,-0.3804862997774483,-0.563859565881826,-0.5679838972720732,-0.17458698400634165,-0.623821340068814,0.9041748988014591,-0.30940791305797766,0.3226581033147067,-0.9877141121565718,-0.9812531904114701,-0.37219013608309015,-0.6237967553170005,-0.4680107380023584,0.3066456454761406,0.6822589150257135,0.09621271320660463,0.7554371105693563,0.12062477458509502
numHidden 	5
numGenes 	48
minGene 	-1.0
maxGene 	1.0
popSize 	200
maxEvaluations 	20000
mutateRate 	0.0
mutateChange 	0.02
seed 	1554144747424
random 	java.util.Random@76fb509a
neuralNetworkClass 	class coursework.ExampleEvolutionaryAlgorithm
Training Set Training
Fitness 0.12062066779394352