-0.5183651751877848,-0.9203184809126753,0.8206953773805172,-1.0162051664354386,0.4843082605490554,0.3542464004865652,0.7490103352588529,0.5090905614418556,-0.5627257169624981,0.00945666771135012,-1.2329213876783935,0.5040681224639508,0.6653433212616112,-0.7362890182964705,0.9026170487058254,0.837403425130795,0.8294034980933763,-0.3943597606032032,-0.23575692828910977,-1.0918122190399546,0.14644328000243856,-0.19105802073188227,-0.8702390482296878,0.48403721944340417,-1.07379532734589,-0.3913418992435772,-0.19847040726176202,-0.08893321613837546,0.20726302221947734,0.7886643494250426,-0.819191476766178,0.4411613547632678,0.6691566602118296,0.9820926375519133,-0.15194241731629454,0.5851786991424668,-0.7464819434423221,-0.2391397798787166,0.6537428465677702,-1.1935769057795609,0.8459862120828351,-0.4125661067701293,0.14428102094982564,0.3969307537790324,-0.04799149749523046,-0.19859105918580833,-0.2296689547899129,0.5898118988516121
numHidden 	5
numGenes 	48
minGene 	-1.0
maxGene 	1.0
popSize 	200
maxEvaluations 	20000
mutateRate 	0.5
mutateChange 	0.12
seed 	1554578466030
random 	java.util.Random@76fb509a
neuralNetworkClass 	class coursework.ExampleEvolutionaryAlgorithm
Training Set Training
Fitness 0.06464282395192929