0.07562059489700168,-0.11894397314330307,0.3453725164923471,-0.5725417064738687,0.10621919173402716,0.959698442372358,-0.5128011838930702,-0.6622230548043437,-0.9111156764358972,-0.08508130239704093,0.5630913234309414,0.11999637901131033,-0.6524984004195349,-0.8024203282071587,0.24871335673009676,0.9136477199955071,-0.7516605408528538,-0.39201881003794026,0.7934737463733887,-0.23652980052556027,0.2966668520503437,0.8333056868237008,0.05102098550259848,-0.6058401702757243,-0.3604697612292975,-0.9631943309029141,-0.6962385598329002,-0.18819505352185062,0.38159777446486043,0.011709443479267057,-0.06953261494083218,0.03805608363851798,0.45683081795732217,0.640003760469404,0.8537208609043434,-0.6345386555526698,-0.44411798598814545,-0.6781901243798045,-0.8894044025840828,-0.68349563603267,-0.5654858843360204,0.9759189267376571,-0.9565804169407268,-0.9748831192808467,0.017322653667760868,0.25773678870902983,0.8824219044657633,0.09580479272439257
numHidden 	5
numGenes 	48
minGene 	-1.0
maxGene 	1.0
popSize 	200
maxEvaluations 	20000
mutateRate 	0.0
mutateChange 	0.02
seed 	1554144373678
random 	java.util.Random@76fb509a
neuralNetworkClass 	class coursework.ExampleEvolutionaryAlgorithm
Training Set Training
Fitness 0.12608484899414635