0.8296930709194116,-1.2305164668957538,-0.04616758825299139,-1.2273580323910847,-0.8098389068322122,0.9356679797738695,0.6204190768259132,0.11766677518123725,0.44340498317457033,0.8217556743210186,-0.08534533217797546,-1.2178170551086906,0.7756478605898552,-1.1194821018388748,-0.544372564454712,0.013157105864224139,-1.0727537590429206,0.1860878774984447,0.12193234857776636,-0.6034254126605613,-0.3893962248544466,0.2893184757847439,-0.30506619037549343,-1.2129135817298229,0.9347816529181147,0.35944165025033137,-0.3440722728695096,0.5009370784514323,0.0724035448424003,-0.43891553771451364,-0.7507523012526531,-0.23201483588224958,0.8104693878430426,-0.4326619146419409,0.7256229930150669,-0.843478376484314,0.005206553790924051,0.21371542049814118,0.01486421389734982,-0.8050212224557397,0.7921041930409282,0.714475270604477,-0.05578380538968608,0.5975157455761513,0.8057910639131775,0.15192995461647774,0.23848430269841647,-0.3241447671161807
numHidden 	5
numGenes 	48
minGene 	-1.0
maxGene 	1.0
popSize 	200
maxEvaluations 	20000
mutateRate 	0.5
mutateChange 	0.12
seed 	1554583943987
random 	java.util.Random@76fb509a
neuralNetworkClass 	class coursework.ExampleEvolutionaryAlgorithm
Training Set Training
Fitness 0.04198211260775725