0.4184100207488693,0.21384540360263898,-1.0756735028196382,0.5024688972230191,0.05470909782966482,-1.4687294872893406,-1.4415238182735093,-1.2049575319577976,-0.057181851457676625,0.708934240779779,0.5823097460713367,-1.4427607977649721,-1.2561071377684103,0.5750232023381616,0.9736026441574077,-0.08694413942985701,-1.0786691716352714,0.10966211520125035,-1.5533052656095052,0.4457878917954445,-0.1724038405319836,-0.49222002021855854,-0.03504228695261624,0.39838589503004523,0.33029637948026763,-0.05120331818516166,0.13138780902203384,-0.12204550962426525,0.3756680471044444,-0.1391613849245823,0.797863457399123,-0.9977049284592896,-1.49948143802842,-0.5792940929860195,0.4527477651489095,-0.5638384034109818,-1.2709377472297785,0.296830030380052,0.27815748201423623,-1.5128363738738089,-0.6710209780722762,-1.0790235056356297,-0.08764135179952037,-0.33398440331154317,0.2514153090963616,0.36546218457969065,0.1093922438162892,0.36309865204022845
numHidden 	5
numGenes 	48
minGene 	-1.0
maxGene 	1.0
popSize 	200
maxEvaluations 	20000
mutateRate 	0.2
mutateChange 	0.3
seed 	1554657614545
random 	java.util.Random@76fb509a
neuralNetworkClass 	class coursework.ExampleEvolutionaryAlgorithm
Training Set Training
Fitness 0.014151403937837294