0.2470657078697165,-0.08553414373309765,0.5965024242639332,-1.9879770036051019,0.7711781507413369,-0.5848828977779579,-0.7252032997489861,0.25437628470296225,0.3032412148069903,-1.3825362746278025,0.3800076619507029,-0.414508995959493,-0.028650886340989334,0.385067965405004,-1.5388607445927922,0.38043895931465355,0.14373183116985833,0.7114623383289729,-0.4251991597445661,0.6384442953355258,0.37912700759787277,-0.16399831994418346,-0.09437591300236425,-1.2316086660541141,0.17990332973666767,-1.3074278880261583,0.450936161446458,-1.8816471935250783,0.5597151115851515,-0.4157153068059971,-0.04567870769442872,-1.2083199180064987,-1.7012038564810659,-1.5832656354561485,-0.0847205838987255,0.2628997414378855,-1.8161709617648936,0.32435724700468316,-0.2927296071237213
numHidden 	4
numGenes 	39
minGene 	-1.0
maxGene 	1.0
popSize 	80
maxEvaluations 	20000
mutateRate 	0.2
mutateChange 	0.5
seed 	1554657192310
random 	java.util.Random@7274b9a2
neuralNetworkClass 	class coursework.ExampleEvolutionaryAlgorithm
Training Set Training
Fitness 0.02032547017864599