0.8202062545022697,-1.1546194631119175,-0.9784092938509654,0.1815484064969386,0.9649513404609091,-0.6224000359374604,0.8064311946683563,0.691012136911535,0.8082462625405161,0.4190314698163332,0.4134367801887521,0.0036614112945585475,0.21262111215082435,-0.5197657464250509,0.8625064119137643,-0.7240650014582316,0.9621186758519257,0.4478442361573096,0.8666028594819957,0.7022417134381602,0.4966528792771171,-0.11468284065793855,-0.5729471826840682,-0.7364047350294481,0.8195858458983418,-0.7599455285808671,-0.6609178034680582,0.5751286845880923,0.7182809535397732,-0.22721638334897598,0.4253539891381003,-0.14082031035839504,0.07153151125471835,0.2498299855672217,-0.6443351090211804,0.8316544609850075,-0.23559568788125862,0.11618338569251407,-0.29615185385831744,0.2628934160539832,-0.20982169263336536,0.4370271606425138,0.7183201308343948,-0.7597227014559318,0.13069911656626498,0.19766450962359172,-0.5393994244552424,0.43832817391766776
numHidden 	5
numGenes 	48
minGene 	-1.0
maxGene 	1.0
popSize 	200
maxEvaluations 	20000
mutateRate 	0.5
mutateChange 	0.12
seed 	1554580318365
random 	java.util.Random@76fb509a
neuralNetworkClass 	class coursework.ExampleEvolutionaryAlgorithm
Training Set Training
Fitness 0.02424821748606689