0.8342657651587915,-0.5659739062498711,0.8742731928929286,-0.7822782599619915,-1.3516886323913382,0.05206214927326108,-0.42711142119316164,0.27055540244086723,0.2040396353441486,-1.0937058958028436,0.6823530507068781,-1.2039722949987561,-0.04091280651448176,-0.8281089507633221,-0.38480509027264853,0.44294983658181314,-0.2714206796614663,-3.6255792342260174E-4,0.13559612009265687,0.5727755449662721,0.04453210377268879,-0.3028615801943559,0.24660296259341025,0.25064805950466407,0.8702519859546405,0.7787221297641005,-0.445223234519263,-1.18525567354553,0.47838771609447955,-1.250958577704797,0.94379121433332,-0.6116661349329041,-0.7373822129098775,0.4248306778815187,0.6310610021734036,0.7696716687597307,-0.723215991448372,0.10122596151350771,-0.41343621994681484
numHidden 	4
numGenes 	39
minGene 	-1.0
maxGene 	1.0
popSize 	80
maxEvaluations 	20000
mutateRate 	0.3
mutateChange 	0.2
seed 	1554665845802
random 	java.util.Random@7274b9a2
neuralNetworkClass 	class coursework.ExampleEvolutionaryAlgorithm
Training Set Training
Fitness 0.015763905826730634