-1.120543002086789,-0.2185692231640627,0.4294788124977479,0.9867029103479532,0.2902911000355055,0.254451369747677,-0.25303027805425227,-0.7697431850376499,-0.36565926371567437,0.3855431669764765,-0.8386749425265109,0.520661819895557,0.6388975747326539,-0.2814538412945654,0.39522666944354434,0.7308978984008206,-0.9143087338851729,-1.0083268175126225,0.2953341643347539,-0.07066380759040969,-0.1477135048588366,0.9359511062500332,-0.48556314694127933,0.5899636883852387,0.03600374258730532,-0.001010186850475936,-0.5701534503691422,-0.33615092624397236,0.8057079143530801,-0.8435273446288379,-1.2392423535900519,0.599440421656005,0.7296994466529446,-0.2627204418065199,-0.4435567955270484,-1.2009499052308552,0.02333372525903965,0.12416912384681278,-0.21120622526201283,-0.10885109703196483,-0.07211506726615036,-0.5395387685072999,0.8168497081985482,0.22285660729208723,0.7925605059204989,0.49417824514105535,0.5776150666920632,0.9342814803887507
numHidden 	5
numGenes 	48
minGene 	-1.0
maxGene 	1.0
popSize 	200
maxEvaluations 	20000
mutateRate 	0.5
mutateChange 	0.12
seed 	1554583560305
random 	java.util.Random@76fb509a
neuralNetworkClass 	class coursework.ExampleEvolutionaryAlgorithm
Training Set Training
Fitness 0.06082892715775034