-0.500494876712352,-0.1471826676928934,-1.0629663704904004,-0.5035906816279081,0.42786622949852815,-0.8006319672032542,0.591046739990388,0.5952949347249266,-0.40588814807395374,0.2422648718625911,-1.1473063973319884,-0.0687134456791772,-0.5857208188231102,0.3618645046877043,-0.34475514042416205,-1.319770911624997,0.7752805672654197,0.651613644814802,0.21574966619313546,0.5060819225977156,0.7759583971236093,0.8035431059658078,-0.34742223777250053,0.6846940404652961,0.06263283338422126,0.11889867613439226,0.29089316098126355,-0.5330939867619653,0.3707281247311452,-0.18347268768771297,-1.2126284792625963,0.5248872609826987,-0.5108608546415228,0.24484223048819126,-0.40820038649221946,0.9900710828113919,0.13157911829491825,0.49889214412681365,0.8120247550414588,0.5180018179846964,-0.8707722564090563,0.202264254868797,-0.039950938038655515,-0.4951377548337781,0.9515762472376494,-0.2657473851002334,0.530892487236466,0.23240274958594226
numHidden 	5
numGenes 	48
minGene 	-1.0
maxGene 	1.0
popSize 	200
maxEvaluations 	20000
mutateRate 	0.2
mutateChange 	0.3
seed 	1554657329786
random 	java.util.Random@76fb509a
neuralNetworkClass 	class coursework.ExampleEvolutionaryAlgorithm
Training Set Training
Fitness 0.01891991033360651