0.9303604191916784,-0.3293123827655958,-0.6118686209081272,0.9171245493100327,-0.3151359028478121,-0.23268019187289113,-0.9291771479379546,-0.7645072650556954,-0.2654130210510659,0.2833013345911396,0.2494223016183007,-0.030032299384915806,0.8112525598082005,0.9326954047998358,0.5619849055167893,-0.8247911249218159,-1.0044777286607651,0.5316043185137653,-0.193311318779952,0.8532966463647493,-1.1115938841825903,0.7221926511809926,-0.9810793993839205,0.22308239016258036,-0.8559191276835068,0.728636709136377,-0.3687389230053816,-0.7664103606412449,-0.040617512649745224,-0.910808333921164,0.22776551091657293,-0.7603959506583088,-0.3243707732934453,0.5095844810019793,-0.28941720592656184,-1.1251455075338432,-0.79867739305156,-0.2435450476585438,-0.043909323368428343,0.007953807289290182,-0.7303353295345846,0.09558471492068621,-0.7906308821203213,-0.3514661159313427,0.04271974734474049,-0.06183251723198968,-0.0900275199623165,-0.2942263774017271
numHidden 	5
numGenes 	48
minGene 	-1.0
maxGene 	1.0
popSize 	200
maxEvaluations 	20000
mutateRate 	0.5
mutateChange 	0.12
seed 	1554577277369
random 	java.util.Random@76fb509a
neuralNetworkClass 	class coursework.ExampleEvolutionaryAlgorithm
Training Set Training
Fitness 0.10523474134897012