-0.3582300713880428,0.6672578837723915,-1.3665740638757118,0.16785284882325657,0.4172269589219528,-1.2391507732047047,-0.9805594551900176,-0.8978534333156489,-0.7752106247107127,0.23867719511020047,-0.9693762811194799,-0.13226450826335368,0.5936200038285502,-1.184241689276068,-0.24960282584668897,-1.1537584313464573,-0.17579325961390924,-0.5094738831326888,0.3149354896145894,-0.05453276313498273,-0.2280420494740144,0.10203587032354233,-0.6619769280481584,-0.48154979529080316,-0.5972470823788545,0.5465166602634188,0.49810658256625334,-0.06725882652419296,-0.006787125830424567,-0.8250362774340758,-0.20355883368216993,0.60554204952432,-0.7511501559865901,-0.8655220351911659,0.10187065956545105,-1.0823929001164379,-0.6738598695352971,0.4695758790504902,-0.7830785451772924
numHidden 	4
numGenes 	39
minGene 	-1.0
maxGene 	1.0
popSize 	80
maxEvaluations 	20000
mutateRate 	0.3
mutateChange 	0.2
seed 	1554664229181
random 	java.util.Random@2ceaf984
neuralNetworkClass 	class coursework.ExampleEvolutionaryAlgorithm
Training Set Training
Fitness 0.01265786927564988