-1.3205817616745865,0.7812067003109366,-0.12828769491999875,-1.3252599692746279,-0.9346225248459588,0.2681852342014273,0.34138830908209633,-0.33996185337211937,0.1915677618983216,-1.24835640607943,-1.5910893957001426,0.5393805536849781,0.5101883623394591,-0.17501016291422106,-0.8040784526475961,-0.20318278624150327,0.5877607852619087,-0.5065555402549389,0.9162484784848461,-1.5803901402902756,-0.15083450893834394,0.7069370726176043,-0.48022347587687186,-0.7055086483652113,-0.015889428656815197,-0.026471917444727988,-0.4629838864259955,-0.1448156395060236,0.45945199100339057,-0.13125040218721123,-0.553112876353377,-0.09776352714074721,0.45461499896237084,-1.3917894169691305,-0.4546799583080197,0.6994318963013861,-0.32630730831460414,-0.13473324902808748,-0.9901486127442363,-1.5032570093116437,0.28662677103976725,0.8925067628984586,-1.164528661153866,0.7379885120212131,-1.0867970464919923,-0.354739382357352,-0.240443789337898,-0.4179320855493999
numHidden 	5
numGenes 	48
minGene 	-1.0
maxGene 	1.0
popSize 	200
maxEvaluations 	20000
mutateRate 	0.2
mutateChange 	0.3
seed 	1554657926926
random 	java.util.Random@76fb509a
neuralNetworkClass 	class coursework.ExampleEvolutionaryAlgorithm
Training Set Training
Fitness 0.01950664573745272