-0.569454583990699,0.7600070130320218,-0.6030812142174741,0.6490638943047844,0.7169631570470204,0.050038691948166694,-0.9426898938900604,-0.5949430378227878,-0.48069632622912306,0.5963759113054048,0.9188330796791027,0.7841403534254752,-0.05699023773659963,-0.8284860590979717,0.03957885431746275,-1.1147767276690703,-0.520157248090051,-0.35717841445498105,-0.774566524254905,0.7743943609255874,0.06201856433089732,0.5601392134915661,-0.14627206505723445,-0.8133617786453186,-0.30823911455707087,0.0703522565143916,0.9265394346823721,0.8497873786909412,-0.0315674569759333,0.6770576279475543,-0.0627486995107593,0.6605853400480509,0.2914208288317957,0.005081954086139512,-1.0137584330129346,-1.1293734224514127,-0.3745312014919673,0.5237501910231519,-0.6736612890064656
numHidden 	4
numGenes 	39
minGene 	-1.0
maxGene 	1.0
popSize 	40
maxEvaluations 	20000
mutateRate 	0.5
mutateChange 	0.08
seed 	1554303140263
random 	java.util.Random@7fa24ad0
neuralNetworkClass 	class coursework.ExampleEvolutionaryAlgorithm
Training Set Training
Fitness 0.053140267870908565