0.015818698997917324,-0.8639595269770051,-1.0281098533163284,0.21767574127721745,-1.3955967413799415,0.35137832986502565,-1.184055326063451,0.5209878657910212,0.5838307974925567,-0.6442697016778898,-0.09492605417252892,0.9732749938190954,-1.2541757238371123,-1.1110916202150343,0.02860955671071963,0.7925572345516287,0.6771329482112093,0.056700783373489716,0.5168468965312507,-0.5762413453365738,0.11600767795676947,0.41297391163835545,-0.6812971615653582,-0.027983105510860418,-0.4030572313929193,-0.3283418923354818,-1.2819141901441033,-0.39671587457682206,0.7276418399034101,0.295405752768226,-0.41686971986090965,0.8295171358256166,-0.30431936331115456,0.6268525008479235,0.052214500891992977,0.421144641327674,0.6683552688006988,0.1600522043602518,-0.017054268796442396
numHidden 	4
numGenes 	39
minGene 	-1.0
maxGene 	1.0
popSize 	80
maxEvaluations 	20000
mutateRate 	0.2
mutateChange 	0.2
seed 	1554664770601
random 	java.util.Random@2ceaf984
neuralNetworkClass 	class coursework.ExampleEvolutionaryAlgorithm
Training Set Training
Fitness 0.04697107896106942