-0.239358118197198,0.1331465673432941,-0.20567753177050085,-0.8651536167967613,0.9762151464950459,-0.5861339085960175,-0.37351530782327136,0.6789856008627997,0.9361870946458675,0.0019141395456501176,-0.01123913578267155,0.7140600541266411,0.4946268529005635,-0.3627058949207993,-0.7001474024910648,0.7585389240303615,-0.6357232153736108,0.26472031061088286,0.40548116302824,-0.4658044424914829,0.7868960400795584,0.5731130178880748,-0.8533963386734869,0.44117909899128405,0.7180990420415461,0.7436687687090691,0.22533439889335627,0.8426599336573335,0.02926016246296359,-0.28005286268208396,-0.6497820268017884,-0.8978100350488711,-0.8649911368092671,-0.2629096564524154,0.9535010341054986,0.1826585620047514,-0.7164063945100627,0.5349467617966341,-0.5811356306873823
numHidden 	4
numGenes 	39
minGene 	-1.0
maxGene 	1.0
popSize 	100
maxEvaluations 	20000
mutateRate 	0.0
mutateChange 	0.02
seed 	1554223927812
random 	java.util.Random@26ea013b
neuralNetworkClass 	class coursework.ExampleEvolutionaryAlgorithm
Training Set Training
Fitness 0.12791201676696312