-0.7893986761996519,0.1842119609955306,0.43051469457715874,-0.8386527532467116,-0.8235882291353074,0.8125615530399625,0.35719243576365234,0.19343238205478042,0.8942887687501315,-0.591816357741654,0.8175606888626346,-0.4525861193257388,-1.0900827415838028,0.8151972048247141,0.927143994242247,0.09935029665392625,0.23364892182881358,-0.03827921032744963,0.4913587006153547,0.23136523886959193,0.6681976342517205,0.6834711827387516,-0.06889579594607909,-0.9519038253747579,0.03927352008652596,-0.7212317555366733,-0.7545990106098917,-0.11852091965006017,0.6015314366782368,0.8756217462071992,0.8133328243133635,0.062240442768880966,0.7400991967575439,-0.35990710832102313,0.7916929346009519,0.6812342595587999,-0.27165687120481397,0.6161369788304264,0.41137263838049387
numHidden 	4
numGenes 	39
minGene 	-1.0
maxGene 	1.0
popSize 	40
maxEvaluations 	20000
mutateRate 	0.5
mutateChange 	0.12
seed 	1554575481415
random 	java.util.Random@685e9c57
neuralNetworkClass 	class coursework.ExampleEvolutionaryAlgorithm
Training Set Training
Fitness 0.016216837516014104