0.5074802963788392,0.573321505993879,0.6169552156338358,-0.12304638614044039,0.31829236997353244,-1.011171604371706,0.5786569655588272,-0.13586323160890224,0.13706658471997185,0.48280232846467935,0.014146425593903722,-0.5820139233681625,0.4416739421094646,-1.3184812782394633,0.6426210376919618,-0.1178635638204295,0.46865989427062255,0.06222979639109277,0.513733915946333,0.385629837840971,-1.1209283485412895,0.2581364968369235,-0.5670450398614943,0.1056830571689048,0.709909265677092,-0.6498776076521628,-1.0927210879200329,0.0537470967917541,0.09714965934038522,-1.3987813280615038,0.5692990993797579,-1.091790040350229,0.30355955148332353,-0.1473400446993035,0.5411841760181438,0.4862353417546443,0.6442776269086554,-1.124218300887149,-0.4838925460525098
numHidden 	4
numGenes 	39
minGene 	-1.0
maxGene 	1.0
popSize 	80
maxEvaluations 	20000
mutateRate 	0.3
mutateChange 	0.2
seed 	1554666258593
random 	java.util.Random@7274b9a2
neuralNetworkClass 	class coursework.ExampleEvolutionaryAlgorithm
Training Set Training
Fitness 0.024941622157006967