0.39582006873227127,-0.442612702332581,-0.21708012345983274,0.08896113624093849,-0.4607598831558073,-0.5288565330396315,-0.5500152217781217,0.5598972995857338,0.02022848105545072,-0.536829494875339,0.06690904195830039,-1.0852784774764666,-0.4820928199722223,-0.4767511570731614,0.38204283332956335,-0.45751277351656416,0.06395314249921302,0.17659755883794648,-0.5968505699999672,-0.987641071857798,0.2890416725585534,0.39045383827329627,0.006560962887521726,-0.27115444101485064,0.11466615946457814,0.7694597349887551,0.1381867818490905,0.3139284211106943,-0.14091249992698285,0.24511285865705335,-0.7854592151080808,-0.32018347685267323,-0.37438217875624646,-1.1728846193690767,0.6826572539928616,0.1398907939400632,0.6633975514270009,0.44953385781592337,0.25096823246406275,-1.0482744250862797,0.615277896796248,-0.8477395650055916,-0.38108193365841525,0.4749055236973141,-0.20562665891338905,0.3083448929329259,-0.0687057367566758,0.05768266123303356
numHidden 	5
numGenes 	48
minGene 	-1.0
maxGene 	1.0
popSize 	200
maxEvaluations 	20000
mutateRate 	0.5
mutateChange 	0.12
seed 	1554584561536
random 	java.util.Random@76fb509a
neuralNetworkClass 	class coursework.ExampleEvolutionaryAlgorithm
Training Set Training
Fitness 0.014743510333871687