0.06358800299525647,0.5598996473801932,-0.9039771746385427,0.8227344012164263,-0.6724135744076222,-0.09831058866615228,0.4999709820705802,0.3648598731366033,-0.014659730073391497,-0.7536928530301672,-0.37195367295693005,0.3241750635640892,0.6564072111451508,0.9991714625766923,0.11522095147177358,0.7016576250136483,-0.17428448021700216,-0.1959326334671645,0.19699434137914396,0.21632342104516344,-0.6281936050143051,-0.156468589531778,0.4109790136013066,-0.03303018120691037,0.2876774698167486,-0.6180464361682403,0.6986286047487599,-0.48850955395848894,0.8696402763512168,0.12596894141480075,-0.8165038369434315,0.6608733909128289,0.6571827570941943,0.732414377664942,-0.10875910042574155,0.5119472966219687,0.3169048194981292,-0.4476701968948489,0.16792831438941058
numHidden 	4
numGenes 	39
minGene 	-1.0
maxGene 	1.0
popSize 	80
maxEvaluations 	20000
mutateRate 	0.5
mutateChange 	0.12
seed 	1554584845188
random 	java.util.Random@7274b9a2
neuralNetworkClass 	class coursework.ExampleEvolutionaryAlgorithm
Training Set Training
Fitness 0.033603530374410266