-0.21409624517288772,0.8352288959747245,0.9508550650321923,0.3002293877316696,-0.04119872399546001,0.5845357315476076,0.19983111508065843,-0.9860936331806144,-0.06475754093691867,-0.44622528888526153,-0.9309011656561551,-0.6820088532556795,0.42519425314323417,0.757695868136387,0.6797883874098032,-0.7934340556008017,-1.0210722009629858,0.3744685344697335,-0.7134687544836438,0.7355109422884617,0.5270210195336796,-0.21194235277765072,0.2667012836195848,-0.67581139332957,-0.01484825221985428,0.4562584396581822,0.3266926361376941,-0.8581208525757634,-0.401180434076256,0.770249737284026,-0.25302365074501176,-0.562007952182489,0.011964779522580765,-1.1415183608312969,-0.8422464588904868,-0.526717384941569,0.5347790611095699,0.2771655306632765,-0.3303970927199907
numHidden 	4
numGenes 	39
minGene 	-1.0
maxGene 	1.0
popSize 	40
maxEvaluations 	20000
mutateRate 	0.5
mutateChange 	0.08
seed 	1554302942848
random 	java.util.Random@5e9a328e
neuralNetworkClass 	class coursework.ExampleEvolutionaryAlgorithm
Training Set Training
Fitness 0.10911480249085953