0.6963754863864966,0.6784000630353482,-0.5302563087886003,-0.5472305193972462,-0.4220351724088043,-0.8662478762106283,0.7633861940518307,-0.1777413282924456,-0.04795569881865425,0.7640328534339333,0.034148254530178335,0.7648190842048954,0.2140659254242676,-0.5642824247841491,-0.2824910649435044,-0.6648257834678595,0.4194499301763934,-0.3722085857162538,-0.6969981912773111,-0.30928379344757606,0.16450450365724567,-0.6671342650186218,0.7619999050870558,-0.9904179884212119,-0.7677672502130783,-0.18440663968618454,-0.23541748449770283,0.93472886138781,-0.012291332096550756,-0.6098351300513989,-0.8152900264087786,0.40392441397823564,-0.9665547602360491,-0.9844441963108073,-0.7225094696491605,0.7213073497514992,0.5594102146313191,0.07609146016955703,-0.5508541409153609,-0.8720965132004161,0.609185285995195,0.13830443774999512,-0.5491087745649077,0.9577527958442713,0.7652977303718704,0.5576611715658248,0.6825502900499729,0.5529124770211198
numHidden 	5
numGenes 	48
minGene 	-1.0
maxGene 	1.0
popSize 	200
maxEvaluations 	20000
mutateRate 	0.0
mutateChange 	0.02
seed 	1554145935287
random 	java.util.Random@76fb509a
neuralNetworkClass 	class coursework.ExampleEvolutionaryAlgorithm
Training Set Training
Fitness 0.10438865650507065