0.3899541616103771,-0.8058398225131924,-0.422442711703122,0.29849343170498455,-0.2612564757129783,0.872040721506535,-1.2165975686167618,0.7902276608286319,0.8777660490097987,0.6867352855670923,0.646260652833498,0.5910144027934697,-0.29591958045106537,-0.7610851416919601,-0.2006739794081437,0.7706423567110288,-0.2999615077588321,0.9916867244605231,0.47824460007441905,-0.6724268822568689,-0.29126963453306975,-0.4535919804847033,0.6394377428372882,0.5146205180893351,-0.935846928853212,0.13767210902745075,-0.9462104419864744,-0.5282812192379754,0.8335764849391305,-0.9466020174282327,0.5596180285718986,-0.9315321497363852,0.03559510455248727,0.13759306830830442,0.16111311045562238,0.47703403738212957,-0.14413008666139338,0.6975017152213602,0.6931920619822566,0.2863759457147481,0.7735804800949826,0.6534901687755416,-1.2190129324729897,0.7716547668422488,0.895122881510461,-1.2008378607896542,0.5619459535055656,0.8480798335309547
numHidden 	5
numGenes 	48
minGene 	-1.0
maxGene 	1.0
popSize 	200
maxEvaluations 	20000
mutateRate 	0.5
mutateChange 	0.12
seed 	1554582313395
random 	java.util.Random@76fb509a
neuralNetworkClass 	class coursework.ExampleEvolutionaryAlgorithm
Training Set Training
Fitness 0.018241328149600312