0.23191753490748612,-0.048476311767067015,-0.7081457772381583,-0.37537822974015017,-1.2792447304659833,-1.371978470665174,0.243340367550697,0.29699402636146377,-0.30751777354139004,0.5915359510055926,-1.0224666604473227,0.1558476974404165,-1.2691989816203701,-1.2708675911420675,-0.3901418079760726,-0.35293285494307103,0.031152391452742123,-0.35967503384336,0.12995055873719974,-1.0947671858009094,0.7506122672034587,-0.5122517725087745,0.018348194264921347,-1.187625971929346,-0.4409307432675376,-0.13938743059585718,-0.6710039331962154,0.6485386432937643,-0.4170449905779982,-1.0092512241060503,-1.176437273899107,0.22027657840758696,-0.612122793108679,0.24425286693410708,0.5798952209731822,-0.8324147359657112,0.764083069642391,0.3574445515670472,-0.8042332027524677
numHidden 	4
numGenes 	39
minGene 	-1.0
maxGene 	1.0
popSize 	80
maxEvaluations 	20000
mutateRate 	0.2
mutateChange 	0.2
seed 	1554662450794
random 	java.util.Random@7274b9a2
neuralNetworkClass 	class coursework.ExampleEvolutionaryAlgorithm
Training Set Training
Fitness 0.015577528475951468