-0.6508780657571676,0.051385870001831646,0.4467813917732137,0.7404922818174215,0.5534730629506652,0.4749152976875081,0.09472384337953904,0.352517471359762,0.21986752147484545,-1.1518778642337828,-1.3294182652741378,0.2827025702383873,0.8574410054326635,0.7419391576632559,-0.11175634530938727,-0.038470023214365934,-0.017286874268828578,0.985638470948359,0.0848756536139354,-1.0778945908217272,0.13956559546135905,0.08424635676666664,0.406925432986668,0.2761535663659823,0.20353366085148872,-0.6703751466367309,-0.982762500862957,0.2506058254319111,-0.43753687386166645,0.2270579622881771,-0.4774412868589691,0.8654065842956038,0.8456652164078171,-0.13261554319269087,0.28204283554640935,-1.3273807810193432,-0.1837221177198592,-0.1545787234232735,0.7811893842803854,0.6788652313011414,-0.35337796108071845,-0.14137397987817563,0.44198152330541024,-0.262416540437465,-0.9360826523361743,-0.18435105870124047,0.48881492041911706,-0.5754506823450323
numHidden 	5
numGenes 	48
minGene 	-1.0
maxGene 	1.0
popSize 	200
maxEvaluations 	20000
mutateRate 	0.2
mutateChange 	0.2
seed 	1554658823370
random 	java.util.Random@76fb509a
neuralNetworkClass 	class coursework.ExampleEvolutionaryAlgorithm
Training Set Training
Fitness 0.029927838280656243