0.6907360290267042,0.12920864375845142,0.8442321213901112,-0.1962302806801639,-0.18105622438273383,-0.7846687938559664,0.8759879496236904,-1.0454744236654219,0.23543762209874042,-0.40992202275131306,-0.4598022549436259,-1.1681021803518994,-0.011064073929484719,-1.1660027536598827,0.5533464264329603,-0.44883694603977076,-0.6223030139295513,0.9085753295613428,0.40710902160018714,0.09297287699958912,0.6672983146617701,0.05260133464938743,-0.6442391350054202,0.4073618761810047,-0.11291656659040772,-0.9121037841338843,0.11888798732962103,-0.6883867055034323,-0.46315877013653384,-0.6250252740685742,0.6553762288050476,-0.25397271959694945,0.42473605135399806,-0.44821286480405576,0.6453610980835279,-0.29453387586121893,0.8094598199574046,0.38376613206538446,0.28002370114396247
numHidden 	4
numGenes 	39
minGene 	-1.0
maxGene 	1.0
popSize 	40
maxEvaluations 	20000
mutateRate 	0.5
mutateChange 	0.12
seed 	1554568075180
random 	java.util.Random@6fd6e13
neuralNetworkClass 	class coursework.ExampleEvolutionaryAlgorithm
Training Set Training
Fitness 0.05237320301797865