-0.6849998757856821,-0.6575786318833878,-0.2654474964594258,-0.5519878318156815,0.24642145334802823,0.2007856707186111,-0.8725382114015559,0.8365533152167006,-0.43948295825431405,-0.19905180186333538,-0.915706189975223,-0.03919235222051731,0.18869274108703915,0.09642884344899527,-0.06257166609031972,0.5204300485270592,-0.7596394386568228,0.7684343650982601,-0.6535063745574066,-0.0563768741735462,-0.5150888405386387,0.33231023621316,-0.04050631575641184,0.06518920669700368,0.23635158509893928,-0.3790234101664427,-0.8541552770813103,-0.4140241181526845,0.36826887078740467,-0.27276791168346537,-0.9157216495802247,-0.46977648567258457,0.6596078411186626,-0.18677117411496424,-0.31887699249081125,-0.9865743750578466,0.3460549331847851,-0.4695543044119812,0.9696323809537974,-0.6346850946995337,0.6113654541114313,-0.47114880480245414,0.4411058086702715,-0.048172682549726176,-0.09879693599635986,-0.11622701482626896,0.872822997339795,-0.1765732396663915
numHidden 	5
numGenes 	48
minGene 	-1.0
maxGene 	1.0
popSize 	200
maxEvaluations 	20000
mutateRate 	0.0
mutateChange 	0.02
seed 	1554146122272
random 	java.util.Random@76fb509a
neuralNetworkClass 	class coursework.ExampleEvolutionaryAlgorithm
Training Set Training
Fitness 0.10545133810400495