-0.9296009432150812,-0.1324222233125703,0.5535171759534008,0.8733955120880273,0.8757175932756428,-0.9021826184731501,-0.5492771348271059,0.5556988077769717,-0.6299189890770815,-0.6187931726895254,0.9381117445760287,0.2823093085418674,0.37779319567474223,-0.36045858381018836,-0.877819871748778,-1.1465268459406668,0.24212626404655807,-0.12981214740802433,0.5410984015647741,0.5939333758130981,-0.32820378824265456,0.4591267702336647,0.23845648557314647,0.8995373749582826,-1.0142957214831148,0.7514386696453471,-0.11655989617562586,-0.8782321290371666,0.2026062639257893,-0.8849438036307449,0.40507675490447315,0.4885586979254181,-1.090049358788553,0.8893079646099541,0.31701905718620954,-0.2132898507808631,-0.7237957758639437,0.5279835114517825,0.6006606110452348
numHidden 	4
numGenes 	39
minGene 	-1.0
maxGene 	1.0
popSize 	40
maxEvaluations 	20000
mutateRate 	0.5
mutateChange 	0.08
seed 	1554304370008
random 	java.util.Random@19e75574
neuralNetworkClass 	class coursework.ExampleEvolutionaryAlgorithm
Training Set Training
Fitness 0.10497017069747912