0.8409032875619225,-0.5711810163563603,0.5448827496454679,0.8494886319097582,0.4706787738129091,-1.1132854285473588,-0.0637253530741716,0.3077851529306975,-0.5198169728929158,0.6576384109170804,0.25659450597317823,-1.2340517863749123,-0.564975146496395,-0.5682823506706774,-0.1753625615787343,-0.026519047273853902,-0.7270213659390798,0.4593923478777018,-0.6692605800766016,-0.11733796023864507,0.9140391802933949,-0.19718554581424463,-1.209418537087691,0.15216997590205872,-1.0459497347979099,0.7511168265042482,-0.06824162328614003,-0.9122773905529679,-0.8354731953686809,-0.13913732946617363,0.3670206049541148,-0.1736048709182707,-1.085507349460908,0.1693152906119768,0.772550770478821,0.05885647266553207,0.3058606165705381,0.8369946445299129,0.15659017977762635,-0.4261564821692252,-0.10791667732920585,-0.7926833331917406,-1.026816788339067,-1.1582301652419371,0.6505072493207007,-0.45506122852822395,0.5077604307680617,0.32944422095928627
numHidden 	5
numGenes 	48
minGene 	-1.0
maxGene 	1.0
popSize 	200
maxEvaluations 	20000
mutateRate 	0.5
mutateChange 	0.12
seed 	1554584087876
random 	java.util.Random@76fb509a
neuralNetworkClass 	class coursework.ExampleEvolutionaryAlgorithm
Training Set Training
Fitness 0.06789969379284319