-0.16521382168789145,-0.7842188332929891,-0.12966385494292293,0.9304199157914086,0.41802917845335297,-0.13701586750292472,0.05777860577672107,-1.079057344722276,-0.3583737443248891,-0.24173668690582673,-0.08584218157070207,0.5817672163490055,0.6848904984872606,-1.129333413201449,0.04193259483905551,-0.005951674073148144,-0.5215891030264469,-0.2989149445015679,-0.1539755098225813,0.4115157520563404,-0.9269290713880579,0.09201245036944668,-0.08189854559139105,0.31127412538595217,-1.083048695199664,-0.5318686118335207,0.5334634759202748,-1.0310536148029095,-0.7727717212642,-0.4392835194128299,-0.39919396553749276,0.03337766474606188,0.1911330586091582,-0.06107607856713683,-1.116659526930648,-0.692554853714591,-0.7605103959406273,-0.07638640800426368,0.6304534425245579
numHidden 	4
numGenes 	39
minGene 	-1.0
maxGene 	1.0
popSize 	40
maxEvaluations 	20000
mutateRate 	0.5
mutateChange 	0.08
seed 	1554397561152
random 	java.util.Random@20734173
neuralNetworkClass 	class coursework.ExampleEvolutionaryAlgorithm
Training Set Training
Fitness 0.031918858438610205