0.4203175121177398,0.7094573279228011,0.5053778720418095,-0.9696816475748908,0.006150608980186156,0.5180250914401456,0.9050169436502871,0.9973542642301487,0.086842797287031,-0.17391059461836705,0.6293671859841728,0.9049226753005427,-0.593803335507397,0.11074190377493642,0.6386335135582583,0.059420042385402855,0.5584494623516688,-0.8146651024785697,-0.4550826926812019,-0.11321588956782687,0.19571920493898465,0.24236907372265937,-0.4715737190072238,0.16076484475439795,-0.3026689462001815,-0.6891284463405435,-0.6973852020319669,-0.03766436950199832,-0.5156979408628048,0.8665169718114079,-0.671680979683164,-0.6606537179951385,0.7684775381530917,0.2349300344483014,0.11713393059103572,0.4636604148093957,0.29068813400677596,0.14828966494443252,0.31662273284871306
numHidden 	4
numGenes 	39
minGene 	-1.0
maxGene 	1.0
popSize 	60
maxEvaluations 	20000
mutateRate 	0.5
mutateChange 	0.08
seed 	1554298689198
random 	java.util.Random@5e9a328e
neuralNetworkClass 	class coursework.ExampleEvolutionaryAlgorithm
Training Set Training
Fitness 0.12583228927190027