-0.026381059515752647,0.6855015364389874,-0.19892124596343652,0.4468223289381594,-1.3487817369903237,0.7704773758708019,0.6290718591247777,0.4622700310130618,0.47901320502006034,0.7235197511312903,0.1127493074037943,0.8737072650981756,0.5459134896167076,0.4758780712570336,0.9721231473808496,-0.1065308003588934,-0.03157255763823247,-0.3108088345453259,-0.23550644747737615,-0.025691516250145263,0.312245326645711,-0.54917388468088,-0.46319602239482366,-0.6883453593658411,0.4885656889469229,-0.44199973434352596,-0.01358762192478602,-0.7265428633517874,-1.3390328099636326,0.30627559215918504,-0.026692344037948512,0.2319895502179385,0.7787073834022027,-0.8937834853510243,-0.7118707102852495,-0.28855431352505134,0.4949083928588491,-0.7772941564410205,0.30417653875221407
numHidden 	4
numGenes 	39
minGene 	-1.0
maxGene 	1.0
popSize 	80
maxEvaluations 	20000
mutateRate 	0.2
mutateChange 	0.2
seed 	1554662830764
random 	java.util.Random@20734173
neuralNetworkClass 	class coursework.ExampleEvolutionaryAlgorithm
Training Set Training
Fitness 0.09911544208987529