-0.5078536418144097,-1.5941755723954356,0.17984631123352934,0.09766750323042372,0.03175550695478102,-0.15509606951025634,0.6027239374775959,-1.4162261895364103,-0.37675575730509814,-1.6844740352080432,0.5628348485864108,-0.028469947103966886,-1.6778929600126984,-1.0910547864269915,-0.4549290611961738,-1.9696805623982971,-0.605683128945057,-0.34638078808815376,0.9106470454732702,-0.3702586482824004,0.09998017207038457,0.3301155397722222,0.999612270308037,0.3063962844388948,-1.4498560999970969,-0.26245616133642313,-0.4532219772038488,-1.911865698752987,0.7037112320022172,0.848096650618164,0.9086837495559994,-0.2679223097438055,-0.9266265806303557,0.4913625121268306,0.13242225721413403,-1.9809422970986938,-0.7260790779602175,-0.022348708922803384,0.9928505395265348
numHidden 	4
numGenes 	39
minGene 	-1.0
maxGene 	1.0
popSize 	80
maxEvaluations 	20000
mutateRate 	0.2
mutateChange 	0.5
seed 	1554585392646
random 	java.util.Random@20734173
neuralNetworkClass 	class coursework.ExampleEvolutionaryAlgorithm
Training Set Training
Fitness 0.009039565285369932