-0.06448219950659362,0.7003164051901848,0.4139325557610628,-1.1884530011517338,-0.0786267155529794,-0.22250715533575827,-0.46916244623146197,-1.1073869886950871,0.06979620766193306,-1.0652321021723314,0.4040974627056888,-0.03947403582515141,0.6903989208537021,-0.7659125826222384,-0.656192206504359,0.9144950774210335,0.7094572700087112,-1.0610631020350711,0.5452026076162956,-0.8112547988571344,0.11881863920146607,0.26862161516230665,-0.34040652274104544,-0.7606338978195566,-0.27512685920836233,-0.4980854621758354,-0.648005844669617,0.8289986366214139,0.49147768756212573,0.16468522404089248,0.10592150818918789,0.03713261857406791,-0.20044979233548588,0.7030730607010816,-1.0340573521646297,0.321996514679018,0.6373788761564019,-0.806776006230517,-0.8788863675017974,-0.23928003785011143,0.5295206947832044,0.31056187344723896,-1.0524637886576742,0.7576555259623106,-1.0915094754778272,0.25601826515307513,-0.37416479889626864,0.6764469586395083
numHidden 	5
numGenes 	48
minGene 	-1.0
maxGene 	1.0
popSize 	200
maxEvaluations 	20000
mutateRate 	0.5
mutateChange 	0.12
seed 	1554570023486
random 	java.util.Random@76fb509a
neuralNetworkClass 	class coursework.ExampleEvolutionaryAlgorithm
Training Set Training
Fitness 0.017464973181878868