-0.15139463389427787,0.29626886302890354,-0.49265230503549845,0.1504874234750324,-0.5335264474846473,-1.0212347530488242,0.6009879962002918,0.7289812409130572,-0.6307255997427152,0.9338440520986433,-1.3567232383890397,-0.8356567153654131,-1.1575080739941546,-1.3746157417592237,-0.2251908355972415,0.5851138204595221,-0.14849061278669456,0.22937888798588923,-0.1311186980123673,0.23594152279551378,-0.2725065917301839,0.2902046987758924,0.2660173471136502,-0.23276074987471762,0.47470052522621203,0.667043146216755,-1.0395331145400253,-0.774334599774142,-0.4212411741673447,-0.42020948124805185,-0.8745475478637268,0.8135590698746911,-0.32444351902153884,-0.8280015004331724,-0.47472525284177775,0.9249084152611671,0.3829465453372409,-0.020909587100869542,0.08621238215722787
numHidden 	4
numGenes 	39
minGene 	-1.0
maxGene 	1.0
popSize 	80
maxEvaluations 	20000
mutateRate 	0.2
mutateChange 	0.2
seed 	1554664606588
random 	java.util.Random@20734173
neuralNetworkClass 	class coursework.ExampleEvolutionaryAlgorithm
Training Set Training
Fitness 0.012284322912843492