-0.1493939725907052,0.43553329615857056,0.019388916361296415,-1.0325947578817631,0.6655926157343095,0.6359628783918114,-0.3747846739968767,-0.5435383712317079,0.6009939097448838,-0.6408634015747596,0.05425190857521317,-0.6641925262655903,0.6716163989475412,-0.05135237555805178,-0.9628721861914338,0.5490165782457455,-0.7395283853953301,0.4983478497497524,-0.27923451277195893,0.08228071808389398,0.5423078324412816,-0.7610872085671996,0.33994694066643166,0.7638733839788525,-0.8704674368935541,-0.8032351441488976,0.5217756766165955,-0.07046812244721617,-0.009461250749675465,0.6078852379987667,-0.4298841908071395,-0.6713275786056674,-1.0122880981953604,-0.018062191520794968,0.630607896900598,0.3654931792123178,0.2921617716223257,0.037517734046423556,0.2028737380136556
numHidden 	4
numGenes 	39
minGene 	-1.0
maxGene 	1.0
popSize 	80
maxEvaluations 	20000
mutateRate 	0.2
mutateChange 	0.2
seed 	1554662162127
random 	java.util.Random@7274b9a2
neuralNetworkClass 	class coursework.ExampleEvolutionaryAlgorithm
Training Set Training
Fitness 0.04705493797050566