-1.230264874451105,0.8450713096966478,0.09449756455730368,-1.20427411282733,0.22104377523953345,-0.00548716144472261,-1.1334017028880252,0.6012050955023467,-0.2603047755133369,0.9769245326442393,-0.0465047764578565,-0.7330211018702264,-0.3529089361788427,0.5603774683777494,-0.7552061190778598,-0.6442549082244102,-0.14681203188544323,-0.732367687736255,0.30218202645875286,-0.9282208334670115,0.8844506111505406,0.04592906014201947,0.1238731981730169,-0.12123569759944458,0.7754268088844694,-0.1108533420349852,-0.2247091015744005,-0.751950926254622,-0.6492370936742808,0.7845619523311493,-0.5237113752867961,0.07460127538868383,-1.2829426893489717,0.6771396135019867,0.6090288356073004,0.44987902102309246,0.5390267542869354,0.02748858644614388,0.24697305205393105
numHidden 	4
numGenes 	39
minGene 	-1.0
maxGene 	1.0
popSize 	80
maxEvaluations 	20000
mutateRate 	0.2
mutateChange 	0.2
seed 	1554662361870
random 	java.util.Random@52bd95a4
neuralNetworkClass 	class coursework.ExampleEvolutionaryAlgorithm
Training Set Training
Fitness 0.09844065221774556