0.435310236054282,-0.06897364839976894,-1.130338727160325,0.46048358398948763,0.8423400378774866,0.6538060956825869,0.46444543460594956,0.0681789583863337,-0.04371266852587152,-0.44053735553861995,0.3187184768737661,0.21926815357615181,0.8906392701166093,-1.057703331851929,0.15919524840667043,-0.36426029916327274,-0.7816605941951169,-0.3011009160451108,0.9210406497150594,0.887731084178931,-0.028501595563798388,0.7923841191614417,-0.916464204479425,0.8588783419174051,-0.7265906226378064,0.08800411841144629,0.9393537848026182,0.44069099428558733,-0.4777062653762889,0.4711554884049324,-1.0054340016748249,0.2249677358232055,0.39471983384408116,-0.04707647634222101,0.7212669577560411,-0.1163394844397051,-0.5423483248756908,0.6549566638855385,-0.15803000264009248
numHidden 	4
numGenes 	39
minGene 	-1.0
maxGene 	1.0
popSize 	40
maxEvaluations 	20000
mutateRate 	0.5
mutateChange 	0.12
seed 	1554575394569
random 	java.util.Random@1c166344
neuralNetworkClass 	class coursework.ExampleEvolutionaryAlgorithm
Training Set Training
Fitness 0.12690888097267833