0.15974416279415748,-0.26722623050036176,0.6920251411242667,-1.1230687916745623,-0.7582434582288377,0.1383321897349049,-1.0089420097127024,0.022886783746117745,-0.31247777864440873,0.23817983803629927,0.19047030727446723,-0.7318940432967643,0.5303816149228933,-0.025787430553412594,-0.8968014097606966,0.41689647535237406,-1.0284364881657018,-0.6129138017929534,-0.03242846512334596,0.4771777822269013,0.18484240130116136,0.5829198860825072,-0.053616824148298825,-0.4339511512178308,0.6498552977967107,0.5374044701199402,0.11073573826274541,-0.11510368901354617,-0.7500114994522261,0.5591836302170096,-1.0539933376642119,-0.6823320645083243,-0.77323930748284,0.11601627731828312,0.46956290520053656,-0.9461716389393674,0.5911445271287672,-0.19863096066944486,-0.765391196095196,-0.002097123439035009,0.9932837677457836,-0.5142716766380632,0.09182047428640538,0.7204074204819181,0.4655792217500717,0.47606205023506987,0.5501853909855581,-0.14964783694605077
numHidden 	5
numGenes 	48
minGene 	-1.0
maxGene 	1.0
popSize 	200
maxEvaluations 	20000
mutateRate 	0.5
mutateChange 	0.12
seed 	1554578357395
random 	java.util.Random@76fb509a
neuralNetworkClass 	class coursework.ExampleEvolutionaryAlgorithm
Training Set Training
Fitness 0.07263449350125196