0.5543766596381527,-0.5378892164724396,-0.26113149638373545,0.5395327627402435,0.7562181002457575,0.8516319816928348,-0.8721511565460518,0.5920155252445294,0.7812692444638456,-0.7661198888041183,0.3947251292659377,-0.7907070173983142,-0.7922645909145889,-0.06352266878093116,-0.04512896631342889,0.7357847171959824,0.8644529037192386,0.9495407886639382,0.26869270150586955,0.004286349128781675,-0.6574763397540702,0.30000435836637784,-0.08780409422800584,0.007817656767787229,0.7905492862601022,0.24222472236344283,0.8328869674100523,-0.5297760676393795,0.5188230935796079,2.303655121782544E-4,-0.07330296994109009,-0.9406736473879984,0.6694921365288578,0.231581550346184,-0.13832740842338165,-0.4047452373370357,-0.5037746603500128,0.12727696685777512,0.9367191982243126,0.4470609347166108,-0.004594927098984236,0.9556204576570313,0.3214817248163395,-0.9839353766812702,-0.7758929871406157,0.4540124285792746,0.3336281181573246,-0.44354994163203365
numHidden 	5
numGenes 	48
minGene 	-1.0
maxGene 	1.0
popSize 	200
maxEvaluations 	20000
mutateRate 	0.0
mutateChange 	0.02
seed 	1554147363282
random 	java.util.Random@76fb509a
neuralNetworkClass 	class coursework.ExampleEvolutionaryAlgorithm
Training Set Training
Fitness 0.10704573676432037