0.6927268286566992,-0.8914366751485954,0.6757963944867411,0.24043280020509733,0.3056661097352003,-0.9052911132759986,-0.5221365111977403,-0.762223757092489,0.5022603780302459,0.011658182797352645,0.039625223782374985,0.019336453996583236,0.6716470581490148,0.4006933606535659,-0.6328253346906281,-1.2905846386290927,-0.30170888415368885,0.387789282877479,0.8277948712253724,-0.5716899469920895,0.1366399181483613,0.5134797339262822,0.5190988081522256,-0.3755586667221778,0.6093087267444348,-1.127267383747862,0.21114441588859895,-1.0137025613131043,0.21098748432507236,0.10102767843959287,0.2181293167214174,-0.21613811165909796,-1.1102887348236192,0.23540823138920614,-0.5230279075217825,-1.4369745107382836,0.3290909512199141,-0.16564218652125878,-0.10670904249199964
numHidden 	4
numGenes 	39
minGene 	-1.0
maxGene 	1.0
popSize 	80
maxEvaluations 	20000
mutateRate 	0.2
mutateChange 	0.3
seed 	1554585538176
random 	java.util.Random@2ceaf984
neuralNetworkClass 	class coursework.ExampleEvolutionaryAlgorithm
Training Set Training
Fitness 0.04213316449744718