0.2980817751077862,-0.947930291209469,-0.5999688246525597,0.27155640984986157,0.6234268397410454,-0.24979546894954402,-1.0903691907244581,-0.5996723432843194,-0.22051061557399082,0.38903071883007045,-0.6443354955391725,0.7477856149423467,-0.2681679319643257,0.7599219336990305,-0.437532610104446,-0.29088614140486496,0.9052948697525095,0.03723932622161327,0.6383095100143493,0.11210307126055542,0.8418391525381922,0.9673433515706924,0.6869325424699824,-0.34247841806361223,-0.2958115659339943,0.26631812189397536,0.2980047689041497,0.2965646271420729,0.37238772006194953,0.7454244307899215,-0.04556398237434324,0.7205301238995236,-0.7748317169480461,-0.6763117503717601,-0.6244893258195657,-0.9154886932990768,0.8952712215561287,-1.0800782564738476,-0.8516892025385925
numHidden 	4
numGenes 	39
minGene 	-1.0
maxGene 	1.0
popSize 	40
maxEvaluations 	20000
mutateRate 	0.5
mutateChange 	0.08
seed 	1554301239391
random 	java.util.Random@5567ea2e
neuralNetworkClass 	class coursework.ExampleEvolutionaryAlgorithm
Training Set Training
Fitness 0.09878962975868427