-0.8041433828853903,-0.6641295306845454,0.25479370575488663,-0.11211421936580585,-1.2001025086861163,-1.190809217733862,-1.058810425384366,-0.09692953181669983,-1.2984069666187714,-1.0081930071449166,0.5362277829871989,-0.9150869416354956,0.5145539223577584,0.07440900922710014,-0.7894613265561308,0.6512606250586019,-0.27512973979079963,-1.3363396907612521,-0.2436299523178333,-0.273469093418191,-0.680568409066926,0.93035399775331,-0.20094435592050414,0.38031224872700437,0.6296190362905187,-0.7758227049915056,-0.38106979558356074,0.4060151586747478,-0.4873523717458464,0.32550616882475686,-0.6407106831044027,0.10863066188348747,-0.3973983274941512,-1.5699564300035478,-0.037992478809602326,-0.897708764907527,-1.1145272185982296,-0.6999955786465843,-1.34905551848128,-0.8375291357585721,-0.6127250141716352,-0.8340578299894399,-0.4257161277366413,0.9343012695908217,-0.3884227080471142,0.0262011669125507,-0.2795341317204015,-0.232378299372757
numHidden 	5
numGenes 	48
minGene 	-1.0
maxGene 	1.0
popSize 	200
maxEvaluations 	20000
mutateRate 	0.2
mutateChange 	0.3
seed 	1554657482071
random 	java.util.Random@76fb509a
neuralNetworkClass 	class coursework.ExampleEvolutionaryAlgorithm
Training Set Training
Fitness 0.053002653448943504