-0.6536989881247643,0.17394533969024217,-0.9489841339479466,-0.690795300079297,-0.3544157168816171,-0.5363298037945543,-0.519901914193071,0.16292428100590484,0.6426968621704274,-0.31872970716210514,-0.9136286326624079,-0.596958223074092,0.06918682119258701,-0.5096700605907243,-0.012252855572783217,-0.28390964256958573,-0.7726895358243375,0.9520920151839352,-0.0055508747980344,-0.5436995369832962,-0.20905507554769898,-0.5363671409411161,0.41491097289036927,-0.3767550859520108,-0.9013061899025885,0.17987892446184128,-0.5162221088189378,-0.24293225057872347,0.7733908234376492,-0.8899631140432989,-0.3768480814230497,0.8468404507388705,-0.5363936072369813,-0.48311090858985906,0.9863561746919123,0.8712964597967447,-0.6565845868869367,0.5801202904645015,-0.05517146546863261
numHidden 	4
numGenes 	39
minGene 	-1.0
maxGene 	1.0
popSize 	60
maxEvaluations 	20000
mutateRate 	0.0
mutateChange 	0.02
seed 	1554141889560
random 	java.util.Random@541def48
neuralNetworkClass 	class coursework.ExampleEvolutionaryAlgorithm
Training Set Training
Fitness 0.07161440278899382