-0.7388400148197226,0.496669722323231,-0.08500016765332753,-0.3148127054822039,0.5180978762395932,0.3387269771786841,-0.23801359009802903,-0.8954663225477288,-0.32425998565677466,0.1986761877690676,0.36945992510417325,-1.0954329684505906,0.4768401789172722,0.6637550703869032,-1.0775941837060965,0.47349481282028555,-0.03373908141745066,-0.09299076175877787,0.8839218190478949,-1.1477632469409973,-0.11545427605978471,-0.6076692381302653,0.8373687940565749,-0.8583493533053221,-0.6005474761869756,-0.03391401091403898,0.4701706556239284,0.7641858976741132,-0.43223484995273054,0.8198573749005116,-0.9644746298327941,0.8787467255287351,-1.1392844826189346,-0.7845365261745433,0.8055549618498299,-0.8995625613740021,0.599864510399792,0.9425621548890362,0.5391879468802715
numHidden 	4
numGenes 	39
minGene 	-1.0
maxGene 	1.0
popSize 	40
maxEvaluations 	20000
mutateRate 	0.5
mutateChange 	0.08
seed 	1554303866169
random 	java.util.Random@43620938
neuralNetworkClass 	class coursework.ExampleEvolutionaryAlgorithm
Training Set Training
Fitness 0.10883234772895248