0.10649002527199199,-1.080068166876915,0.0677025681460406,-0.5215258712944573,-0.004888200857436437,-0.07591291101181598,0.44858710880532776,-0.8839895047215018,0.2228403977035185,-0.26341720920721423,0.03399600307965847,-0.18421122062071704,0.6779149421197525,0.237117403916419,-0.3626743423927856,-0.9689910271972965,0.031935205280592266,-0.011253034931302447,-0.5086444662675468,0.21543041996898293,-0.18472990886505308,0.03666284991044952,0.5854296241453377,0.2870790396597455,0.15268999205212513,-0.6766832623528872,0.9285318480556727,-0.36070505226792576,0.9597232639874179,-0.3463059488876352,0.478638713822456,0.7406163082750677,0.06812837087822528,-0.36694648790045054,-0.7871267344047612,-0.9502383976214227,0.04926274433282786,-0.05953556286581631,0.459624537156949
numHidden 	4
numGenes 	39
minGene 	-1.0
maxGene 	1.0
popSize 	40
maxEvaluations 	20000
mutateRate 	0.5
mutateChange 	0.08
seed 	1554303866169
random 	java.util.Random@43620938
neuralNetworkClass 	class coursework.ExampleEvolutionaryAlgorithm
Training Set Training
Fitness 0.04360824854407524