0.43867854535344103,0.2524878866362579,-0.4551055561105318,0.9519218128332434,0.7527141730771422,0.10885209883768816,-0.8128100471203862,-0.3332868985972177,-0.44575773200708135,0.5680750621602088,-0.8870014738765271,0.22894833506049506,0.44203097082170234,-0.3089876105289835,0.23149495109334695,-0.423991776562415,-0.24111904283937308,-0.031052707802294105,0.9784325043749174,0.6574312886037228,0.7630101824619742,0.1786360391331689,0.8083208193920655,-0.994969041318074,0.705237713355996,-0.007426751103181112,0.9849392015549859,0.8850737688024353,-0.38145816015378686,-0.09393073463603398,0.2788291962319885,-0.8885047176602763,-0.7061676322118196,-0.49437373284984193,-1.1360720771225845,-0.5917281320319976,0.555543388158239,0.7584875190256983,-0.6784823203282465
numHidden 	4
numGenes 	39
minGene 	-1.0
maxGene 	1.0
popSize 	40
maxEvaluations 	20000
mutateRate 	0.5
mutateChange 	0.08
seed 	1554303474205
random 	java.util.Random@7fa24ad0
neuralNetworkClass 	class coursework.ExampleEvolutionaryAlgorithm
Training Set Training
Fitness 0.1071428807713483