0.8253242193568755,-0.6313226135751894,-0.7762069713795754,0.7900989612877986,0.5767280612796362,0.28202447240805406,-1.1901110563572632,0.7881757526839209,0.8668493737560978,0.7315017700077817,0.529454205458001,0.4282010206441842,-0.2427882113144081,0.28216166018205424,0.6379061504783049,0.09716878326737466,-1.1753974517337409,0.04530334421067128,0.281079678543834,0.13035453394287866,0.8758171965478987,0.7876765014071575,-0.4424881863496628,0.11588175039399073,-1.147541422078008,-0.4235323912146901,0.4020280859544334,-0.9534381525425812,0.6391627169416396,0.13533508085512957,0.5348214523316969,-0.6695938068202563,0.0733873788749897,0.4871504842341099,-0.11876836040390504,-1.062149920122946,0.8121679019215802,0.5319925102722836,0.8409482411701712,-0.17713139219329155,0.0010069417027679384,0.9143320535073568,-0.62862376615118,-0.8731946147972629,0.152333666334044,0.3912371278156497,0.2484180745464536,0.47787549312892164
numHidden 	5
numGenes 	48
minGene 	-1.0
maxGene 	1.0
popSize 	200
maxEvaluations 	20000
mutateRate 	0.5
mutateChange 	0.12
seed 	1554571029223
random 	java.util.Random@76fb509a
neuralNetworkClass 	class coursework.ExampleEvolutionaryAlgorithm
Training Set Training
Fitness 0.055195203269684634