-0.11148500527294147,-1.1377805016748082,-1.2313412173538607,-0.08067943095600372,-0.22303883831409155,-0.1597587987131045,0.24573851971129357,0.7792140058189609,0.47344536532687553,-1.1895881323511808,-0.8374613100105786,-0.1589985483675892,-0.6901547614975715,0.35118890472841546,0.9592211829099092,-0.7878302135910228,-0.4241364081801826,0.872084400191408,0.9623368636462826,-0.2787729604222896,0.4551757895501213,-0.6590566180908185,0.3160167691611483,-0.9228039316293072,-0.06795382403147887,-0.48772944877469515,-0.07215682518234978,-0.1296457741873578,0.656385549872771,0.8798307676702506,-0.9557151296726134,-0.4365808959476425,-0.37032672068912387,-0.24567341739621984,-0.24371339999467734,-1.098788529509878,-0.9088782193129578,-0.13296584918793586,0.8638025360146728,-0.8918475828349589,-1.2170857900693401,0.36285683313675976,-0.021230423178237867,-1.1532186306275158,-0.5047012842633599,-0.028665753594562138,0.6792176464203388,-0.06319154942198191
numHidden 	5
numGenes 	48
minGene 	-1.0
maxGene 	1.0
popSize 	200
maxEvaluations 	20000
mutateRate 	0.5
mutateChange 	0.12
seed 	1554581868944
random 	java.util.Random@76fb509a
neuralNetworkClass 	class coursework.ExampleEvolutionaryAlgorithm
Training Set Training
Fitness 0.04585187960763232