0.23158337500511306,0.7034660319345767,-0.5057185305315113,0.7702080271157983,0.02875042164777053,0.9130646991558624,0.8393829397841008,-0.9708457218044371,0.8396190248308257,-0.11947741229986895,0.9485414219798018,0.9146107225150402,-0.7890501882183281,0.9515840147356469,0.2453572621637934,-0.27210341964810536,-0.13583432769029227,-0.6335896900895819,0.09484529124502171,0.8768960395121068,0.39829522324324396,-0.5782882254080435,0.8894315245292275,0.8448889792074505,-0.27426243242687876,-0.42895855204651556,0.25870589836334545,-0.4151201719937869,-0.6729313055860926,0.8937608886171748,0.14836444695794887,0.5075277876160249,0.5406821864460134,0.8489153065326058,-0.8861090483046383,-0.737800047532488,-0.5563691536845241,0.39538920179887294,0.318370213541433
numHidden 	4
numGenes 	39
minGene 	-1.0
maxGene 	1.0
popSize 	60
maxEvaluations 	20000
mutateRate 	0.1
mutateChange 	0.02
seed 	1554141520689
random 	java.util.Random@541def48
neuralNetworkClass 	class coursework.ExampleEvolutionaryAlgorithm
Training Set Training
Fitness 0.11280322308685371