-0.8676489116149017,-0.9309131715536721,-0.16755627976386778,0.40101579126537545,-0.13504934706095095,-0.19899103498742154,0.9521495432739228,-1.1573125062812766,-1.023005453050987,0.7811001465055423,-0.16260488588487332,0.8165260265101175,0.21949255711936244,-1.1860413601628603,-1.0898916805662693,0.16352692451171746,0.732108611185209,-0.11979972491749735,-0.9592146537237737,-0.7007356380943935,0.055823100921067126,0.8566876487828193,0.8145851369404165,0.8113335605538095,-0.8278667810397942,-0.4790380030085857,0.5566785549394451,-0.37069243847553324,0.21236872035517762,-0.7483235667619591,-0.7979704120717452,0.4071711044833949,-0.06047361163906895,0.5737832520645622,0.8748657555083424,-0.7736011445202233,0.26635798231778907,0.5566811446526259,-1.1543286534921786,0.2785471462299749,0.9772709673700678,-0.9045193916677251,-0.6413829936108048,0.21943187985724277,0.6679324609361784,-1.0300004170124533,-0.1700846216904749,0.6026690078752397
numHidden 	5
numGenes 	48
minGene 	-1.0
maxGene 	1.0
popSize 	200
maxEvaluations 	20000
mutateRate 	0.5
mutateChange 	0.12
seed 	1554582586398
random 	java.util.Random@76fb509a
neuralNetworkClass 	class coursework.ExampleEvolutionaryAlgorithm
Training Set Training
Fitness 0.04586141778842131