-0.06648461499172553,-0.19218404436870862,-0.7180679420496379,0.11820206775780329,0.03407302335638018,-0.8504363863476991,0.5760286933598864,-0.5659736025841628,-0.7517632405834773,-0.5556149726135247,0.49898922262983003,-0.94946006563893,-0.9271789863131581,0.027660744491805556,-0.18817281811989028,-0.8992325337130413,-0.36040468610628906,-0.2657639214340852,0.4779004876707007,0.4529756482835696,0.5805208550538257,0.048399960386207086,0.5291461253265417,0.192640908570751,0.14931514201385565,0.3077679517631078,0.5791273641300363,0.2460572132786063,-0.7760443573073597,-0.3449365732541281,0.7196008207326092,-0.4839381130178264,-0.7895906265914259,0.8027751338823099,0.8921802419785168,-0.05072395020910525,0.3931113647784117,0.5050280519287882,-0.5488858993331363,-0.9893203010086409,0.30908097595523576,-0.759671362166825,-0.15976982389602679,-0.07885129337239039,-0.521785726443992,-0.2908694592857344,-0.06460046938471775,-0.5428368410889626
numHidden 	5
numGenes 	48
minGene 	-1.0
maxGene 	1.0
popSize 	200
maxEvaluations 	20000
mutateRate 	0.0
mutateChange 	0.02
seed 	1554145100644
random 	java.util.Random@76fb509a
neuralNetworkClass 	class coursework.ExampleEvolutionaryAlgorithm
Training Set Training
Fitness 0.11054987018135942