0.055689930322101344,0.21920226400457155,-1.1650985927478281,-0.68563722854091,0.24956480185370733,0.17295194630920407,0.9121849370393287,-0.916956991596257,-0.35691971077274326,-0.17670892709491592,-0.41251021991777853,-0.3607338996577646,-0.15093321134267812,-0.6210630512882656,0.3474296136490784,0.5266412901361082,0.4284663789626734,-0.28513749258065907,0.1178671743820035,-0.17593732953422903,0.03158167280984425,-0.623480628059603,-0.30647059983850083,0.24566068155770765,0.1441245644975615,0.7741174285116339,-0.33252752576415295,0.1391900861284593,-0.23384772722789016,-0.2775101446005017,-1.0527270921205838,0.11123570493765117,0.5601827592477144,-1.2565972880956002,0.7842765737663691,-0.049804819607522754,-0.22451631795651922,-0.32900596602980964,0.04418834623276313
numHidden 	4
numGenes 	39
minGene 	-1.0
maxGene 	1.0
popSize 	80
maxEvaluations 	20000
mutateRate 	0.3
mutateChange 	0.2
seed 	1554666454910
random 	java.util.Random@7274b9a2
neuralNetworkClass 	class coursework.ExampleEvolutionaryAlgorithm
Training Set Training
Fitness 0.04597898560718274