-1.3440644455119939,-0.004867895340570028,-1.2485507090221717,-0.015178213104064142,0.11272616301042715,0.14692237251497897,-0.13685567132560905,0.8823279327882061,-0.15807374822829257,-0.47694945263771543,0.44406076291438484,-0.1635156114871395,0.8143052114083029,-0.6597799767380721,-0.5542803652466459,0.28235476779804375,0.21139100622514173,0.6608908933965534,-1.345697622348086,-1.2135007864980483,0.43289189262165,-0.8530268301554191,-0.7418147306596803,0.10168760832221924,0.6831724090110443,0.7941404368125027,-0.031710119594335506,0.07526188596664213,0.5316699951101833,-0.5840350606019729,-1.386327044829483,0.6719503453839235,0.08783908867839973,0.6459046516434781,0.6117342462441886,0.8520151108170093,-0.16058445883005323,0.8864997243230432,-0.048128138519044905
numHidden 	4
numGenes 	39
minGene 	-1.0
maxGene 	1.0
popSize 	80
maxEvaluations 	20000
mutateRate 	0.2
mutateChange 	0.2
seed 	1554663435184
random 	java.util.Random@2ceaf984
neuralNetworkClass 	class coursework.ExampleEvolutionaryAlgorithm
Training Set Training
Fitness 0.10669539058669558