-0.5101274264339597,0.10194254504382849,-0.013957785201916595,-0.24413117410217855,0.1419874986137426,0.5921906409432562,0.3753142575414905,0.7043427706153067,0.06365581083034022,0.05416022207087012,0.24894437677286296,0.49229586457734476,-0.5940895344702566,-0.8672789630365199,0.5288840359134139,-0.8099528863954659,0.32479375949959866,-0.9783455566371988,0.9045155390646378,-0.5420084629607107,0.6508622387676097,-0.4517327965537772,-0.29993299104966953,0.2117126551395465,0.7681334189745439,0.16136674961109843,-0.6274580301378094,-0.20122644191025474,0.3224198947689021,0.9993591776613762,-0.1166584235636603,-0.12050255305695878,-0.6985248028386795,0.4092846932373655,-0.17251959284984353,0.048279762264383574,-0.3672349571955458,0.707514076173632,0.9212414942762519
numHidden 	4
numGenes 	39
minGene 	-1.0
maxGene 	1.0
popSize 	10
maxEvaluations 	20000
mutateRate 	0.0
mutateChange 	0.08
seed 	1554226414940
random 	java.util.Random@128a444f
neuralNetworkClass 	class coursework.ExampleEvolutionaryAlgorithm
Training Set Training
Fitness 0.1446128774220779