0.3242496031056623,0.18657330554787088,0.9166779271088092,0.5111526928027357,0.3424441208462947,-0.3526448466053733,-0.5924753282304622,0.9824071070782556,0.45847164929782447,-0.46996681367430004,0.09402748964365348,0.1609654725273877,0.3385254948315577,0.7109065408359345,-0.19803281220295688,-0.8733835898327416,-0.47201787546859686,0.47627539764549964,-0.10787193413840357,0.19078060600900226,0.36184568855315935,0.43303503234402196,-0.7427281730834563,0.585389243235251,0.6973725365654944,0.11608255656106681,0.2210963378086852,0.5328425540262607,-0.6399063058941323,-0.019822880602410997,0.7845737795433958,-0.8518551191919093,-0.6421061055983506,0.8668119205508786,0.3494195862862801,-0.692154989707571,-0.9120822116337479,-0.9219378249440364,0.5334254541861063,0.694368260494538,-0.5286652561045904,0.15883200100205008,0.7237589699502289,-0.504280618807077,-0.452252641644735,0.8562962695648424,0.5280715997932728,0.1077132401070886
numHidden 	5
numGenes 	48
minGene 	-1.0
maxGene 	1.0
popSize 	200
maxEvaluations 	20000
mutateRate 	0.0
mutateChange 	0.02
seed 	1554143755237
random 	java.util.Random@76fb509a
neuralNetworkClass 	class coursework.ExampleEvolutionaryAlgorithm
Training Set Training
Fitness 0.10045442136865611