0.6124649370397496,0.8089420376797669,0.6917236281176435,0.6793465793127624,0.039389624090549955,-0.6126874487392027,-0.4606645509033001,0.5818897737645378,-0.7360687401086514,-0.9820696322986675,0.6619504032821646,0.1739557743872191,0.9423891449247186,0.5683155267559574,0.8130745178985643,-0.30695764489608307,0.9473751764269865,0.2906678039910995,-0.5916208974835245,0.986299298417443,-0.16484205227829007,0.8850512586853819,0.5945184692720855,-0.8677551266320758,0.2908926193155046,0.3010772271244198,0.7535280198417902,0.035821861199950344,0.9457124522017644,-0.5217757907668159,0.9119878848555658,0.011975196067064653,0.41920157714822603,0.15081178760119274,0.92932495416146,0.05494495416361089,0.072876635767547,-0.534815347206337,0.3727362879134781
numHidden 	4
numGenes 	39
minGene 	-1.0
maxGene 	1.0
popSize 	60
maxEvaluations 	20000
mutateRate 	0.05
mutateChange 	0.08
seed 	1554232024180
random 	java.util.Random@685e9c57
neuralNetworkClass 	class coursework.ExampleEvolutionaryAlgorithm
Training Set Training
Fitness 0.17774685358436104