-0.6617782074212282,-0.5030684980176638,0.9057498312682513,0.11407064222460916,0.06595931173672631,0.5412493864514991,-0.5614828002387489,0.9600584291282075,0.8073200933647398,-0.2826185172940947,-0.23933079061068496,-0.7267716647405738,0.48963069634499745,0.6121063154300661,-0.30145703294658666,0.9552987446237575,-0.45883120243456754,-0.36492705846718554,-0.9667397642154587,-0.7542684328057616,-0.6608836738934125,-0.6433413363827534,-0.9423484186765194,0.19426427465194251,0.4016863156013395,-0.020311733349464234,0.5035551351545287,0.5527884263957261,0.25949825388882664,0.22364036243437901,-0.5852714823166403,0.5222506920237966,0.8599836815259054,0.8122163446860429,0.350162089886477,-0.2570555839949109,0.4407716414516132,-0.5603638424458603,0.7548460984137657,0.48845976777672107,0.14038853047913924,0.16126221517420958,-0.0734327046736809,-0.5989615279449405,0.5235967311810317,0.31056832590612893,0.6982631851912755,-0.5545890591298424
numHidden 	5
numGenes 	48
minGene 	-1.0
maxGene 	1.0
popSize 	200
maxEvaluations 	20000
mutateRate 	0.0
mutateChange 	0.02
seed 	1554145823733
random 	java.util.Random@76fb509a
neuralNetworkClass 	class coursework.ExampleEvolutionaryAlgorithm
Training Set Training
Fitness 0.11825326722939278