-0.3084960203015399,0.5127565632150264,-0.28596619532418155,-0.8458616508667876,0.3934933036317203,0.5048048205506601,-0.929206528550187,0.41675215860633374,-1.1699812890846357,0.2137289235110923,-0.3441542016697967,0.1947033820724421,0.5492866232181961,0.6457740794941778,-0.15868040745289802,0.6046806044057429,-0.7358384766611467,0.5141148585964849,0.5133041625039803,0.8193656547960019,-0.3452343717392553,-1.1171579664251818,0.132306096789632,0.45935606504539583,-1.2041127194360275,-0.2354082584784617,0.7689399346034287,0.9440862663315067,-0.8021970553216122,-0.013308976911040604,-0.46197064487503203,-0.633493094039737,-1.0586147228689406,-0.8714124569153685,0.8428107048576631,0.2904208059007102,0.8131336504056986,0.893718786689463,0.0019464182979727074
numHidden 	4
numGenes 	39
minGene 	-1.0
maxGene 	1.0
popSize 	40
maxEvaluations 	20000
mutateRate 	0.5
mutateChange 	0.12
seed 	1554400530869
random 	java.util.Random@20734173
neuralNetworkClass 	class coursework.ExampleEvolutionaryAlgorithm
Training Set Training
Fitness 0.105969100419163