0.19259066278078452,-1.1461045055034482,-0.6779240217574869,0.9497025740003829,0.4442037302279299,-1.2235622530127945,0.36407266014278417,-0.4704152807406349,0.45373108984125154,0.33434822746621695,0.6046589360071387,-0.7279365107544665,-0.5253405336866794,0.6468724633199998,0.5041785485723945,0.25346624738268164,0.6302873203558254,0.3961238853962573,-0.21534735639985347,0.032370215986156636,-0.5235843502988842,-0.646415201859872,-1.01010645479982,-1.1716510911525893,-1.1254428759259665,-0.6030301925935666,0.10120143098281309,-0.21150156278272836,0.6402649726645755,0.14191660652317495,-0.4912465250087821,0.014530401124893122,0.22032454287143155,0.45273581315772404,0.8741861880684882,0.8192319572342972,0.1941911306933839,-0.031284645238068176,-0.6722385825621755,0.7696105223194941,-0.2708026326939663,0.06724290120538445,-0.2961013856827853,-0.9449449364856431,0.8456952921214853,-0.05772684144485252,0.05174532494603723,0.15236251311309257
numHidden 	5
numGenes 	48
minGene 	-1.0
maxGene 	1.0
popSize 	200
maxEvaluations 	20000
mutateRate 	0.5
mutateChange 	0.12
seed 	1554656474125
random 	java.util.Random@76fb509a
neuralNetworkClass 	class coursework.ExampleEvolutionaryAlgorithm
Training Set Training
Fitness 0.06008138510498774