0.009029616525603856,0.03241302541509494,-0.6170910450319731,0.7833242133125788,-0.9745145520130316,-0.04895584769050232,0.78579274823911,-0.5829729341256634,-0.8218207808935891,-0.975123461821144,-0.03680944057069735,0.9111168612322186,0.5053294348524624,0.030870217092934915,-0.20711247012201484,-0.8762046221707428,0.9917776846130646,-0.6322900362556678,-0.5662696865034008,-0.24918381860613475,-0.5657774759232097,-0.8281196893691253,-0.5439730905829303,-0.020590913908380637,-0.008351513568295221,0.925604599931073,-0.20850264924475104,-0.30598554840058756,0.30912759913861865,0.1562342871299469,-0.5405873652306803,-1.0360037249253857,0.3584694027244868,0.7907113131581234,-0.9546328838896756,0.03523119941357589,0.40776918552762553,0.3759077978090668,0.13577776831927735
numHidden 	4
numGenes 	39
minGene 	-1.0
maxGene 	1.0
popSize 	60
maxEvaluations 	20000
mutateRate 	0.05
mutateChange 	0.08
seed 	1554229805089
random 	java.util.Random@609f0bfd
neuralNetworkClass 	class coursework.ExampleEvolutionaryAlgorithm
Training Set Training
Fitness 0.13187211519778252