-0.23013806913002943,-0.7405611766502587,0.7057134687568982,-0.3461783062744608,0.23896907195907624,0.7264605509426971,-0.18555125381076176,0.08493523909974288,0.8093970333124267,-0.07793306292503566,-0.13974692246016684,-0.7518403733377022,-0.8027484471791013,-0.10297507619070534,0.4511325468095466,0.6340136458609296,-0.47873585078954206,0.9028675185870525,0.4225641427012632,-0.9241027626175764,-0.9321765070791537,-0.3400355579281855,-0.928392005873349,-0.8440445579294049,-0.5194711411427058,0.4066273595619252,-0.3195023763886118,-0.06390733000235382,-0.3641190788049691,-0.20178420353661664,0.2883295004908828,-0.048544205539678975,0.8627555674555134,-0.1854589768842232,0.765542622947083,-0.27302721791333284,-0.12188035620642101,-0.4244831935868274,0.15748400760668857,-0.15324266060908043,0.6718163435862734,0.6357863231664163,-0.22512131601448937,-0.4067637090019751,-0.23447927488788078,0.641795161546155,0.4389188871473888,-0.06146750839406567
numHidden 	5
numGenes 	48
minGene 	-1.0
maxGene 	1.0
popSize 	200
maxEvaluations 	20000
mutateRate 	0.0
mutateChange 	0.02
seed 	1554144585575
random 	java.util.Random@76fb509a
neuralNetworkClass 	class coursework.ExampleEvolutionaryAlgorithm
Training Set Training
Fitness 0.1156373482365274