0.5532193126946188,-1.1046427622051085,-0.1212385119545164,0.9192791616550651,-1.3957820722964271,0.7630223842427579,-1.386922890347941,0.6828158806257683,0.6445973499058979,-0.477193504907849,-0.47219237546200804,0.66638978848901,-1.0380251417266606,-0.6403398610292315,-0.267775729618424,0.9543792058849592,0.17927331854649142,0.6006397013015559,0.6440229396006161,-0.8268991268086643,0.5189345854428804,0.7178114756943124,-0.9971566254421722,-0.20602065895842336,0.6245119086462008,-0.6523925578767951,-0.6705449970727642,0.7389661634524884,0.6772519638535786,0.05691971484202257,0.4418524763466137,0.6499391434941575,-0.37933319825465256,0.5022340752191162,-0.7788560581677928,0.6560789351128216,-0.3060131574486548,-0.04338030626089123,0.11425604109234422
numHidden 	4
numGenes 	39
minGene 	-1.0
maxGene 	1.0
popSize 	80
maxEvaluations 	20000
mutateRate 	0.2
mutateChange 	0.2
seed 	1554660261105
random 	java.util.Random@7274b9a2
neuralNetworkClass 	class coursework.ExampleEvolutionaryAlgorithm
Training Set Training
Fitness 0.04318529431612378