-0.26524644706533607,-0.404181773747251,0.2678970708701063,0.4777238668211085,0.5758812195564462,0.8264493622868923,0.7205130072517187,-0.833808881170536,-0.3832875490975142,-1.2548953028283563,0.9830536973299535,-0.9635291791872687,0.7516854146195162,0.8215374180299526,0.08181464445268039,-1.2909822013102235,-0.3000406025449,-0.17176569819530896,0.2424561421509468,-0.12960256809090992,0.21727663920055207,0.12714710566235887,-0.2946768282549812,0.7751403344369214,0.21454738589256073,-0.02570363873638587,0.3682464029516263,-1.0143099407471396,0.39274110295993164,0.1796603287913513,-0.13339747433592192,-0.5916347672843696,0.7571817811972721,-0.22109431972816868,-0.5898226278434187,-0.19135057925221544,0.14036083526889553,0.2051550063882187,0.2186411989778948
numHidden 	4
numGenes 	39
minGene 	-1.0
maxGene 	1.0
popSize 	80
maxEvaluations 	20000
mutateRate 	0.2
mutateChange 	0.2
seed 	1554660515129
random 	java.util.Random@7274b9a2
neuralNetworkClass 	class coursework.ExampleEvolutionaryAlgorithm
Training Set Training
Fitness 0.034638191659772