0.606139891488125,0.25202072760275596,0.1842370589502531,-0.5075036478614947,-0.6473074197235047,-0.9607477867459325,-0.19824361783972178,0.7022363903528924,-0.8290368512000914,-1.1240239449113307,-0.11255595555245479,-0.6097825383575544,0.35022047819515223,-0.5709973564954841,-0.6956199710260345,-1.085843791235797,0.9170321194026239,0.6782595933101413,0.20341676395695096,-1.1756583825245763,0.46095331988434285,-1.1677002121406113,-0.97293528009172,0.4743067543099194,0.6702529374325569,0.33323441477452165,-0.5286630637220331,-0.08922909458976347,-1.1575551673561861,-0.24201170856241783,-0.2540163128305578,-0.6655246699844578,-1.0536539611521243,-0.5021477655798912,0.03675306425503788,0.19986409028516217,-0.43316463747588685,-0.0041139637767180215,-0.840983885493476,0.7003900816563661,0.3404408997306487,-0.398196936897129,0.2802971851316224,0.5675542131946432,-0.43066408308115245,-0.07345400665584234,0.5599550532666473,-0.044386728558181154
numHidden 	5
numGenes 	48
minGene 	-1.0
maxGene 	1.0
popSize 	200
maxEvaluations 	20000
mutateRate 	0.5
mutateChange 	0.12
seed 	1554584455672
random 	java.util.Random@76fb509a
neuralNetworkClass 	class coursework.ExampleEvolutionaryAlgorithm
Training Set Training
Fitness 0.06560828092896825