0.16845566999948702,0.4633038885913967,-0.3108776532543356,0.006493447030381239,0.6843680630352915,0.9348029081048672,0.3971659474057174,0.793535860052071,0.9545698480146863,0.776463015106104,0.464970431848426,-0.4852436986459914,-0.47375658837024326,0.36892002452518713,0.41655332799692735,0.4364643635775698,0.21352567044257187,0.30948776295107905,-0.3602584378013267,0.4673662820486586,-0.4791484384010578,0.0025274952350187174,-0.2657457391973268,0.4385876429343911,0.9030273277369092,0.12054723115575339,-0.425477800113498,0.07415250699958253,0.6843376068377125,0.13918686322242824,-0.6682647473203756,-0.135929681351584,0.7626431213498042,0.8040871573754826,0.12141373107423226,-0.26263329357220844,0.863590964879444,0.12322159718877712,0.9552325187893085,0.6289196475558536,0.12951100826299422,-0.07418311331234984,0.2275514425870968,-0.5562549141687667,-0.6818089958203444,0.03830750952578299,0.33864798149497277,-0.06399712888569109
numHidden 	5
numGenes 	48
minGene 	-1.0
maxGene 	1.0
popSize 	200
maxEvaluations 	20000
mutateRate 	0.0
mutateChange 	0.02
seed 	1554147549841
random 	java.util.Random@76fb509a
neuralNetworkClass 	class coursework.ExampleEvolutionaryAlgorithm
Training Set Training
Fitness 0.11733736636133878