0.406834862622119,0.1207261971178687,-0.03542516446540156,-0.24949837176645406,0.9048595426397078,0.7936424014246265,-0.6782388582216494,-1.212511881913461,0.5308833742455434,-0.4319443258019041,0.7651572867923048,-0.3592214121688049,0.17379687706019276,-1.011007172367151,0.39282663083094405,0.9604837124934377,-1.0736514322564954,-1.2295694262990513,0.3651320809604611,-0.850563930458036,0.5535873412003516,-0.17097694837594646,-0.5356495639694643,0.4112862948038558,-1.215532084756357,-0.7521800299953804,0.037652061697092565,0.7853631732180756,-1.1513175032260419,0.5678379706467934,0.9903902423090438,-0.34114365781503,0.07867251705835532,0.22386555696928834,0.6407881484620055,-0.4183534983111509,0.42716413968038147,-0.30810417033341253,-1.0962508446084036,-0.043626658799284845,-0.02653722941581227,0.0390984586662082,0.9606590365688653,-0.8239023436467205,0.2671321343249371,-0.13674346502916912,-0.10631197597729802,0.6341780304627563
numHidden 	5
numGenes 	48
minGene 	-1.0
maxGene 	1.0
popSize 	200
maxEvaluations 	20000
mutateRate 	0.5
mutateChange 	0.12
seed 	1554572094849
random 	java.util.Random@76fb509a
neuralNetworkClass 	class coursework.ExampleEvolutionaryAlgorithm
Training Set Training
Fitness 0.02100854897490786