-0.9265992708843456,0.020565637092855055,-0.22417057243791805,-0.4339082814164897,-0.11706398745062331,-1.1128803344018021,-0.7549724129778929,0.2689212004071349,0.16021393411428325,0.31270035218264974,0.23131716268665148,-0.9387866076146375,-0.7108708963819148,0.09988264773241103,-0.33562706075973747,-0.6877162456490156,0.22261666671925595,0.6188660094227109,0.85189443007147,0.3001508775120702,-0.5164395671884477,0.38271517818672574,-1.0691818483851505,0.6465122989422724,0.09057418894048437,0.5702871006144119,-0.01684493295478015,0.7790128126723076,0.45763423203146697,-1.0993150137977012,0.2909388855605897,-1.0770345317630095,-0.47432087217573243,-0.8571546617499475,0.7401598821741032,-1.0992982964676588,0.7459366573201879,-1.1238710048170186,0.6314514290265337
numHidden 	4
numGenes 	39
minGene 	-1.0
maxGene 	1.0
popSize 	40
maxEvaluations 	20000
mutateRate 	0.5
mutateChange 	0.08
seed 	1554301302371
random 	java.util.Random@26500ce7
neuralNetworkClass 	class coursework.ExampleEvolutionaryAlgorithm
Training Set Training
Fitness 0.0634453203369212