0.8846470543321726,0.8150036709995295,-0.8075193716034132,-0.1090612833366108,0.7252375147902663,-1.1307894579768525,0.8796715097491334,-0.2764070869056855,0.8872052549849327,-0.5227323213332964,0.14254753970213607,0.3779527825224087,-0.6715413557044235,-0.0065080289761164645,-0.26299356759991765,-1.1358689126047907,0.9693647658897581,-0.043542120306619636,0.7957672500114298,-1.0798416047301074,0.8091042950997405,-0.4100749648131802,0.5355345667993925,-0.10013337670187383,-0.649664524205532,-0.45330318776490575,0.05523660585878731,-0.3878577912507022,0.5441220126218049,-0.883005368112595,-0.49204357079911765,-1.0271398095780477,-0.5909657964744075,0.4680097346262815,-1.1576206353304186,0.657138089398148,-0.5372149082318209,0.8888744782157872,0.345282366206045,0.3283769128713824,-0.028283766200344895,0.4453707086250235,0.8147941922214466,0.4318849180514156,-0.987098724057404,0.7812727294495058,0.4748588224635436,-1.1852925124184166
numHidden 	5
numGenes 	48
minGene 	-1.0
maxGene 	1.0
popSize 	200
maxEvaluations 	20000
mutateRate 	0.5
mutateChange 	0.12
seed 	1554572296408
random 	java.util.Random@76fb509a
neuralNetworkClass 	class coursework.ExampleEvolutionaryAlgorithm
Training Set Training
Fitness 0.042648305970033204