0.18177757661161598,-1.1845743407044398,0.7567900614338738,0.6208195681157295,-0.6414591558458621,-0.8019133189630738,0.471257657216296,0.06761791170278475,0.054987648887236174,-0.6631573225512803,0.2991777310224877,0.5079286661762317,-1.227924796711945,0.5242062952123764,0.2896027077908364,0.3527282876613851,-0.3784603810009567,0.20680187328703215,0.08161673926448132,-0.10629617621259602,-0.27123686568100547,-0.0979991180410692,0.13275618933366695,0.43908431328736164,-0.22132520021431457,0.6980843930409654,-1.113133670246234,-0.39410377213363323,0.9908684814489831,0.6585110313629937,0.7033974948296382,-0.38964636122104856,0.24488772886099097,0.8212598536218818,-0.33883767879004134,0.5947358263069349,-0.5161069662585073,0.4471079716711066,-0.5469119948037355
numHidden 	4
numGenes 	39
minGene 	-1.0
maxGene 	1.0
popSize 	40
maxEvaluations 	20000
mutateRate 	0.5
mutateChange 	0.12
seed 	1554574981845
random 	java.util.Random@685e9c57
neuralNetworkClass 	class coursework.ExampleEvolutionaryAlgorithm
Training Set Training
Fitness 0.01484474224561943