0.7083938724302492,0.3267231420597827,0.9980563401674543,-0.3359945565695637,-0.5191217696766042,-0.9806721885532259,0.7611130355519817,0.9733582769097153,0.27147031488353,-0.4381822846185539,0.0031035242223063086,-0.7615660246887292,-0.050226456361013305,0.05634733386528934,-0.8757540255938179,-0.9324543654589408,0.32746763753955443,0.7601613657781461,-0.9194296370813888,-0.10212834576691399,0.835771808065751,0.43525292975292285,-0.5933142950710393,-0.8019935260753013,0.2040607712761937,-0.4978241712806275,0.9164904237819627,0.02594329999942535,0.4940777416079818,-0.2092218694415835,-0.17000256429383143,-0.495483800090432,-0.6589542382995301,0.9922225369393081,0.21540938322771241,-0.1926704246013593,-0.3621249993713749,-0.6497461024142777,0.6422564952161927,-0.21189012533464813,-0.24504403861007917,-0.13173881928546227,0.9555354100988123,0.4505694901292505,0.325631127567807,-0.03975874875537411,-0.17778439655937261,0.03274418983967475
numHidden 	5
numGenes 	48
minGene 	-1.0
maxGene 	1.0
popSize 	200
maxEvaluations 	20000
mutateRate 	0.0
mutateChange 	0.02
seed 	1554144459505
random 	java.util.Random@76fb509a
neuralNetworkClass 	class coursework.ExampleEvolutionaryAlgorithm
Training Set Training
Fitness 0.11871483356547842