-0.42732866458996766,-1.2286299274656112,-1.1408198283603053,-0.8968717210615164,-0.17216513554231605,-0.9895806619440758,-0.05410321307609467,-0.7111787398114089,0.8544114168750928,-0.5745648463006643,0.653827490864699,-0.8894712952631553,0.5241229715912217,0.5062700574489214,-0.5328149319416121,0.7811060769284484,-0.8892452777688554,-0.030035805862429044,0.3875258770425122,-1.0198522423797023,-0.2727424938560441,-0.9665459493132703,0.09752354834241117,-0.4942008628865209,0.5997602129246995,-1.0681117214064648,0.0675865954362167,0.04585359131343447,-0.323760964008892,-0.3028082803023998,-0.21611295758030047,0.02890864498781265,-1.1676441164896318,-0.008090845132928903,0.5373824539891233,0.5629953408861467,0.5942430555352021,-0.2337483167412786,-0.4730706583978683,-0.25176331982301225,0.3277787902647109,0.8316581810092923,0.8356022911608337,0.6817304183916622,-1.1538382812335093,0.8820755290814534,0.25784748106706723,-1.1430075444517125
numHidden 	5
numGenes 	48
minGene 	-1.0
maxGene 	1.0
popSize 	200
maxEvaluations 	20000
mutateRate 	0.5
mutateChange 	0.12
seed 	1554576317287
random 	java.util.Random@76fb509a
neuralNetworkClass 	class coursework.ExampleEvolutionaryAlgorithm
Training Set Training
Fitness 0.10125603737030126