0.3839383745931048,0.02336994234444112,-0.6746355806794928,-1.1851893751515903,0.7078533411488668,0.6526556520533273,0.468113268800655,0.7925362595827672,-0.5712288861066526,0.39223703248042335,0.6562599658577815,-0.44373259462507936,-1.363276000894894,-1.0161584058998248,0.02310096029840647,0.19319165645993186,-0.40277530595606253,0.7612223064753239,0.8054209688806206,0.9108710603713057,-0.18339440342372637,-0.44575871147465346,-0.09846517448275344,0.5939542844357344,0.6550588451739245,-0.3841959367355127,0.12569367954043742,-0.42848606003874873,0.055504889358031495,0.03127539078375052,0.47639679046509137,-0.5568831652368963,0.5958696350072628,-1.1874137415533228,-0.6931461886521867,0.13556322397449472,-1.12569545588432,0.684320005757407,0.6190449239624058,0.7485594554005401,0.2013359348159235,-0.3633572797421109,0.39853016981099615,-0.8035843734949117,0.899883475916518,-0.34997785103240947,0.16536189083434893,0.3641896809594214
numHidden 	5
numGenes 	48
minGene 	-1.0
maxGene 	1.0
popSize 	200
maxEvaluations 	20000
mutateRate 	0.2
mutateChange 	0.2
seed 	1554658211936
random 	java.util.Random@76fb509a
neuralNetworkClass 	class coursework.ExampleEvolutionaryAlgorithm
Training Set Training
Fitness 0.01593568066228426