0.16998463150398113,-0.1446298488344373,-0.6477563367074389,-1.0958299351180454,0.06843319762785571,-1.174244565081593,-0.36375935602871157,-0.06644669090960575,-0.9966377852661116,0.33092044891233063,-1.1108524225951375,-0.16898960924846107,0.36599397789630117,-0.8439510824838863,-1.2093934585559936,0.7579656245237785,-0.18113217541508775,0.005071711708769855,-0.22100510131612516,0.27221533170291967,-0.25838990953439656,-0.3865742579245868,-0.0707345950964744,0.10654488335619572,-0.3399560185917334,0.22007324559578922,0.49956608052518736,-0.7139982559946753,-0.046242130379202995,-0.907407307598021,-1.2069510009341449,0.42298693056546344,-0.5895443322896355,-0.27452009613191186,0.08572933315893105,0.7569064494502639,-0.6088855955743271,0.08062724313569913,-0.36178996227057136
numHidden 	4
numGenes 	39
minGene 	-1.0
maxGene 	1.0
popSize 	40
maxEvaluations 	20000
mutateRate 	0.5
mutateChange 	0.12
seed 	1554400639714
random 	java.util.Random@20734173
neuralNetworkClass 	class coursework.ExampleEvolutionaryAlgorithm
Training Set Training
Fitness 0.009712042779441318