0.2511094457855916,0.5777931800143169,-0.6119929019194899,0.5457909017848604,-0.11518169413616115,-0.36224777048068824,0.44915890094010963,0.9785304446385894,0.6124885076124272,-0.15304650193765568,-0.07044104242264361,0.44404145183201776,-0.9354487646248101,0.45317132698002677,0.6449764134172994,0.8190999872860873,0.8792018272415899,0.9160098412691571,0.18723890489396022,-0.7756311034927222,-0.2702301825393166,-1.0969008043718,-0.318870523695894,0.7292773240604289,-0.716830664880343,-0.6244468565017866,0.14494279544835653,0.010118227754216974,-0.11445436892855528,-0.10890961068754908,-0.7569560286912163,0.6535549478241254,0.9013118234909044,0.9114224741306176,-0.5499007417468676,0.6471784685401839,0.10434718025522823,0.5212160823345487,-0.21952167955353197
numHidden 	4
numGenes 	39
minGene 	-1.0
maxGene 	1.0
popSize 	40
maxEvaluations 	20000
mutateRate 	0.5
mutateChange 	0.08
seed 	1554302736552
random 	java.util.Random@7fa24ad0
neuralNetworkClass 	class coursework.ExampleEvolutionaryAlgorithm
Training Set Training
Fitness 0.0460450439371215