-0.6020595894138026,0.7611206266487296,-0.8722450859691158,0.10340057048136297,-0.7328023163264235,-0.06768402011891173,0.9636450775807128,-0.31237659318592503,-0.6497438202944354,0.8965518093532854,-0.4368273356359891,0.6947678551161942,0.890281403169588,-0.10014075553131252,0.8199596492084342,-0.5240487394961777,-0.1039218226772598,-0.38694327723850597,0.2755659288868477,-0.9296032799682827,-0.5272964948840366,0.6106234865505167,-0.17255443829765138,0.7825775070679577,-0.8223851582094839,0.7609219819406303,0.05717447575213086,0.7273580507593433,-0.5233448733017074,0.6761235891555362,-0.018310593395434838,-0.8778396141071787,0.9776823146690778,-0.49929401827845976,-0.3629461740894482,-0.44151793621674607,-0.6491484413551001,0.9286599348779019,-0.11769049738426407
numHidden 	4
numGenes 	39
minGene 	-1.0
maxGene 	1.0
popSize 	50
maxEvaluations 	20000
mutateRate 	0.0
mutateChange 	0.02
seed 	1554225043985
random 	java.util.Random@541def48
neuralNetworkClass 	class coursework.ExampleEvolutionaryAlgorithm
Training Set Training
Fitness 0.11009590500849128