0.07104569970315844,-0.65689981708806,0.43716509767303285,0.7802199611990848,-0.7543850615558271,0.5142648522991331,0.9146596692452036,-0.7854673556619554,0.1985127802986294,-1.1394941732536938,0.3991302237247896,0.43035466141918893,0.0792176922439699,-0.13956713985244523,0.508447484005834,0.647806231513098,-1.4708060891861892,-0.39437627496356825,-0.814641312908593,0.29159181805231765,-1.4909064938481495,-1.4304148558023408,0.05269605734691207,0.6964096185919979,0.7901772828850387,-0.9809280103830653,-0.44526627477330105,-0.5020123577459761,0.540630302500186,0.42002396544853837,-0.9469356249463572,-0.8799873719756404,0.7659640762902313,0.8845181021462127,-0.7698663528837892,-0.5323917106828655,-0.19628699435771152,0.01177686958450097,0.250834223292532
numHidden 	4
numGenes 	39
minGene 	-1.0
maxGene 	1.0
popSize 	80
maxEvaluations 	20000
mutateRate 	0.2
mutateChange 	0.3
seed 	1554657091139
random 	java.util.Random@20734173
neuralNetworkClass 	class coursework.ExampleEvolutionaryAlgorithm
Training Set Training
Fitness 0.08349860714110735