-0.5060889498258163,-0.10919728048506538,0.0333543014692379,0.7342403341745087,0.8236383715169167,0.8942102977882815,0.32604035997383063,-0.8907937832352877,0.2015787147635466,0.6307603846846408,-0.6014620182134267,0.8757358032480944,0.856118627672338,-0.07409895134961442,-0.06351127474064877,-0.006106755312985213,0.7380053095153369,-0.8601280893027647,-0.8379595638348989,-0.7365998847388588,-0.6353720833062886,-0.6024481721531936,0.7639860049661575,0.190655291968308,0.8519397806701192,-0.8616307003314245,-0.2762784762758501,-0.41754358602321373,0.9217791292709614,-0.07107211355154197,-0.5934387836321089,0.39958853017056417,0.22611151695190634,-0.8589437902652426,-0.7870577036918327,0.5707846740320828,-0.04978051890131918,0.11767955955623521,-0.622052882439623,0.4873965892410923,-0.4439748553967797,0.5326067049672623,0.60361798588434,-0.9668456467919793,-0.20434499303408526,-0.21871410310683626,0.9200857963408717,-0.1188193422353565
numHidden 	5
numGenes 	48
minGene 	-1.0
maxGene 	1.0
popSize 	200
maxEvaluations 	20000
mutateRate 	0.0
mutateChange 	0.02
seed 	1554146742705
random 	java.util.Random@76fb509a
neuralNetworkClass 	class coursework.ExampleEvolutionaryAlgorithm
Training Set Training
Fitness 0.10997291408199919