0.3524196339415934,-0.6601169153734937,-0.6094475748895477,0.44790259382998615,-0.10075555872440657,-0.7155107088357617,-0.6168609766664562,0.05378538321531713,-0.4962856956492869,-0.5505907475528965,0.1304434941787465,-0.06490520812020785,-0.08240698525346953,-0.45214096548431604,-0.4659792536127027,-0.9168039521808803,0.9791458914011468,0.007125096732451791,-0.3439559015706951,0.39007204102234916,0.6710296350996626,-0.25345362737655014,0.6576774430829518,-0.553279077885526,0.4011170534481161,0.5754587593581617,-0.10448615692161438,-0.7500404392791411,-0.2316179001525645,-0.14520602248498649,-0.43554902242522187,0.28636487424452556,-0.8821322213123343,0.0066984598318362565,0.7064373421494977,-0.8738858171083284,0.7296149422513886,0.19615522427481197,0.1252108856941625
numHidden 	4
numGenes 	39
minGene 	-1.0
maxGene 	1.0
popSize 	40
maxEvaluations 	20000
mutateRate 	0.5
mutateChange 	0.08
seed 	1554299949765
random 	java.util.Random@5e9a328e
neuralNetworkClass 	class coursework.ExampleEvolutionaryAlgorithm
Training Set Training
Fitness 0.13383268978942778