0.27796337508453417,-0.4011809745739934,0.5345201300988084,-1.238381366455175,-0.5992175568431867,0.9606121888832061,-0.38654237779233813,0.9869078531323566,0.6955083117984634,0.2817103264962689,0.777307031452905,0.3636488976336435,0.5106041581508628,-0.25763524783411684,-1.1785260218887075,0.9259201167683295,0.5750916486663576,0.5545434963833905,-1.1158673356336593,0.047030992096054436,-1.076455826521326,-0.575827457764332,0.4734238294709354,-1.1624968693940985,-0.5689701691583591,-0.15061351235137188,0.8610443720477318,0.21605993239626264,-0.1651083425561376,-1.1208037002657742,-0.27381420139871904,0.36041346948265696,0.9575170258926093,-0.0101294447362833,0.027294506328017887,-0.3362200943137349,-0.3459840231063541,-0.4782808055166864,0.14514300412289516,0.6546929173390436,0.5909912355893364,0.09685745610191476,-0.7007835247866774,-0.7781720942390525,0.7173504649099947,0.12892008772037478,0.21043424375322295,0.8421880135175112
numHidden 	5
numGenes 	48
minGene 	-1.0
maxGene 	1.0
popSize 	200
maxEvaluations 	20000
mutateRate 	0.5
mutateChange 	0.12
seed 	1554569501567
random 	java.util.Random@76fb509a
neuralNetworkClass 	class coursework.ExampleEvolutionaryAlgorithm
Training Set Training
Fitness 0.10946457707297606