-0.36425618695269557,-0.1978961377927706,-0.6544185505750455,0.6524776311207077,-0.8846528512871191,-0.6615202952230825,0.2387134567665592,-0.6080506784123426,0.2771014952758478,0.058395821122828706,0.13146165066088478,-0.8317488287382487,-0.7261243799352383,-0.9408119885453244,0.8567584738681425,-0.5295957664387794,0.6609608915382469,-0.08725773673493298,0.5700967953380258,0.07698964445434164,0.7457800394678041,-0.30634691782596246,-0.9127744654137623,-0.7308878144697646,-0.48982391932133673,-0.9052048529087259,-0.8630537458039756,-0.37141982664994133,-0.9046566999074723,-0.8570341093118193,-0.2755762832374975,-0.08412487554547954,0.5657887820431318,-0.14828788426395123,-1.0319984773791822,-0.40181318428929946,0.25754227147766573,0.695403967273981,0.16259079532974607
numHidden 	4
numGenes 	39
minGene 	-1.0
maxGene 	1.0
popSize 	40
maxEvaluations 	20000
mutateRate 	0.2
mutateChange 	0.12
seed 	1554410844406
random 	java.util.Random@1c166344
neuralNetworkClass 	class coursework.ExampleEvolutionaryAlgorithm
Training Set Training
Fitness 0.10861284907951994