0.7556599093767224,-1.1948107509492913,-1.3139267815352431,-0.9174051580370266,-0.48251305826735796,0.7049871066154327,0.8457432539176704,-0.8059063154224506,0.44795857694941205,-1.0634798130959113,0.03053373248361213,-0.9509575158952985,-0.07979642737639825,-0.6691096326540554,-0.22625530023420698,-0.9717547634364851,0.4263168510753587,-0.6556870208796639,-0.31511735144169534,-1.1290327427617801,0.6943133480573884,-0.48420659297296736,0.73347061783373,-1.1966490011102044,0.691836735530617,-1.075181821758692,0.170472940680223,0.11033403116659601,0.561799867546568,-0.15097656632544398,-0.010260678621379804,-0.1401795486443156,0.3152144747802007,-1.269992603379572,0.7932020360202279,0.6273127650883872,-0.05095596966656002,0.026156419022993316,0.14738609284286125,-1.028838583896924,0.561992413392129,0.5645573199293465,-0.9948774810199239,-0.926955078046773,-0.7912807038436904,0.599772420914565,0.3151813639377174,-0.2147550259509291
numHidden 	5
numGenes 	48
minGene 	-1.0
maxGene 	1.0
popSize 	200
maxEvaluations 	20000
mutateRate 	0.2
mutateChange 	0.2
seed 	1554659792426
random 	java.util.Random@76fb509a
neuralNetworkClass 	class coursework.ExampleEvolutionaryAlgorithm
Training Set Training
Fitness 0.046473025716781975