-0.2400479716284214,-0.7187339010943044,-0.5989648830557464,-0.6193158492747755,-0.33330277722037166,0.27413008365684255,-0.8413429509303234,-0.6573813194290538,-0.08939218986849373,-0.45481263064327115,-0.5441990483209831,-0.2743664670963275,-0.7280197305253171,-0.9049828908602198,-0.402343533903041,-0.72478610391675,-0.03296672472780582,0.7649991074172047,-0.9749415261120224,0.797529410974106,-0.18335531994984122,-0.7297307329337042,0.6058898182802235,-0.5322572824185956,0.9262216196698503,-0.8903154399023387,-0.17402637925467412,-0.5886596100200439,0.6887877024290965,-0.20874202983825835,-0.3834534763327808,-0.2839233037602016,-0.5075149425921657,0.11088423398737102,0.4684890940999329,-0.684638911760926,0.1642362432344402,0.9872299202574291,-0.37848168840854135
numHidden 	4
numGenes 	39
minGene 	-1.0
maxGene 	1.0
popSize 	60
maxEvaluations 	20000
mutateRate 	0.05
mutateChange 	0.08
seed 	1554230057377
random 	java.util.Random@1c166344
neuralNetworkClass 	class coursework.ExampleEvolutionaryAlgorithm
Training Set Training
Fitness 0.12058929473128903