0.9919097380769936,-0.6514336230192023,-0.861752948604557,-0.2615024416203277,-0.6667677918822615,-0.4034503363042343,-0.017505795888606873,0.5522956941656473,0.9821447372295254,-0.9247765518570962,-0.5872576053743649,-0.6105627810056686,-0.6976675914838174,0.591697432927351,-1.0962534926165233,0.7900956017985882,-0.7781434035070772,0.16804785671684724,-0.1877548461166194,-0.4296499178277425,0.5316714761746726,0.3432857227617061,0.0769215805973781,0.5739802370338195,0.8125165951205394,-1.063633091122604,-0.604034302120042,-0.2104628803434772,0.9046693320258916,-0.5075943538548543,-0.25964627000164114,0.5162972116921414,-0.7495659921539733,-1.149733304402012,-0.7773951638569014,0.6749710147290694,0.28713253078299145,0.1782289788323161,0.13491265610385667
numHidden 	4
numGenes 	39
minGene 	-1.0
maxGene 	1.0
popSize 	40
maxEvaluations 	20000
mutateRate 	0.5
mutateChange 	0.08
seed 	1554300032051
random 	java.util.Random@6e9193ef
neuralNetworkClass 	class coursework.ExampleEvolutionaryAlgorithm
Training Set Training
Fitness 0.02018365757637761