-0.6191223563998828,-0.20937504084117353,-1.1580625043225483,0.5351955364591044,-0.3203278713305059,0.8347205938592221,0.9267812753437453,0.6743345698859647,0.5262175476409581,0.07976476523369082,-0.581909977237691,0.8928593097180901,0.7282201317775362,0.059313870749140976,0.15420930340087696,0.6514426099601199,-0.36818994781003594,-0.5323206375844499,-0.5853086313783391,-0.8249173871821339,-0.9530709056685255,0.2921558501960017,-0.6764360141502118,-0.22126375022727796,0.275428957044272,0.47075181801966626,-0.9635167266931268,0.644755158420345,-0.007315546611482732,-0.11398900370566485,0.8498005205502969,0.9015014076918364,0.4936025511254029,-0.6862838665774942,-0.7690984089200287,0.7719736668006449,0.836486174776063,0.6359694050949664,-0.34699623888188724
numHidden 	4
numGenes 	39
minGene 	-1.0
maxGene 	1.0
popSize 	40
maxEvaluations 	20000
mutateRate 	0.5
mutateChange 	0.08
seed 	1554304252658
random 	java.util.Random@6b7c839d
neuralNetworkClass 	class coursework.ExampleEvolutionaryAlgorithm
Training Set Training
Fitness 0.09808317539065421