0.8289208985355248,0.8511224171496967,-1.0003163647258675,-0.7534051778850746,0.08839498672017304,-0.9214040481945522,-1.333233027182706,0.7914529287501626,0.8638747794482251,0.1730711129201667,-0.28221057497338087,-1.0546255786423249,-0.26677641105850025,-0.18229875528828748,-1.0478560312026985,0.434300819893006,0.14030208588747628,0.28073213139273245,-1.0132969229497264,-0.6923907562818088,0.16806281463443812,0.18727860351887393,0.3154388646147645,0.499424505723772,0.3108451174000246,-1.0387111259803932,0.21942112897434396,0.44943208513060967,0.4155127663053361,-0.7687364059282693,-0.5170312870785005,0.7207034067849809,-0.5385352295202814,0.03431193061469345,-0.5216321292538839,0.6493122381265568,-0.33755789243386153,0.206643181397479,-0.09928686352761235
numHidden 	4
numGenes 	39
minGene 	-1.0
maxGene 	1.0
popSize 	80
maxEvaluations 	20000
mutateRate 	0.2
mutateChange 	0.2
seed 	1554660640479
random 	java.util.Random@20734173
neuralNetworkClass 	class coursework.ExampleEvolutionaryAlgorithm
Training Set Training
Fitness 0.02220798073773039