-0.7388191527059167,0.49444036847429845,0.7515862063975929,-0.6764319786049402,-1.2168198521068732,0.7715696763551307,-0.8894393720554452,-1.0613734263391517,-1.2074894457257446,0.5974452426582246,0.608772076466267,-0.6256428576115021,-1.18798878811902,-1.1504344915117581,-0.656289042366579,-0.5353623843582037,0.29783551133228425,0.17767552598454683,-0.7162632390630974,-1.1635071116210753,0.014067705769531924,-0.3676469819446279,0.3248160792573826,-1.007607870367764,-1.170381959236258,0.8650334377946036,-1.3678571330172697,0.6030044513013826,-1.0122990793313025,-0.6372328489092683,0.3437035862304693,-0.8167224344178268,-1.070157457467195,-0.8967313150778533,0.15074075906963802,-0.0967819415627213,-0.4994959728385788,-0.24941818393388937,0.02045975993968724
numHidden 	4
numGenes 	39
minGene 	-1.0
maxGene 	1.0
popSize 	80
maxEvaluations 	20000
mutateRate 	0.8
mutateChange 	0.2
seed 	1554666026209
random 	java.util.Random@735d91d6
neuralNetworkClass 	class coursework.ExampleEvolutionaryAlgorithm
Training Set Training
Fitness 0.023984765571562247