-1.2134520418120267,-0.34050946013150724,-1.0412585310561846,0.8124833021969675,-0.37278153570991485,-0.3632424386919814,0.8024655327844097,0.626537598783313,-1.0651289964992103,-0.1477405744567305,-0.5518916419660578,0.8983214005512992,0.5090327875773566,0.04624392017733642,0.45112703203099896,0.7035670950205544,-0.6739594090132386,0.7398992792034782,0.6506524521929726,-1.170406392249029,0.4551122981367646,0.6409608767267978,-0.6134991360616895,0.7863652874058171,-1.3946457197136672,0.8938924629802252,0.10684443406567767,-0.47634534989786387,-0.3603451374449362,-0.11938901549023567,-0.625438946640456,0.4276612374409891,0.8386788090807868,-0.1593856581898072,-1.0162017771637035,0.6395790166462487,0.357943637379954,0.6547639255994788,0.014303348489753953
numHidden 	4
numGenes 	39
minGene 	-1.0
maxGene 	1.0
popSize 	80
maxEvaluations 	20000
mutateRate 	0.3
mutateChange 	0.2
seed 	1554666359755
random 	java.util.Random@7274b9a2
neuralNetworkClass 	class coursework.ExampleEvolutionaryAlgorithm
Training Set Training
Fitness 0.042251856222433576