0.15033578833457983,0.9000460833262449,-0.699520618143864,-0.08219840848235238,0.7121459465203539,0.18023258811667686,0.7051485426763058,-0.5035098139072477,0.7290432444064952,-0.5643367638943545,0.38720770856501574,0.49055632663642723,-0.35639299533635793,0.8610489569771698,0.9114654120567194,0.3944458462480348,0.6204569725398272,-0.34448465733273104,-0.5806636877479249,0.002777879539800243,-0.42545314689243996,-0.058929801978919505,0.09890321747582731,-0.7992707519954708,-0.33915552763494783,-0.4455606354894812,0.303128884516939,0.5536241308319613,0.4855853570275208,0.27326060170807265,-0.12871125918798232,-0.5205871760380598,0.6371790427599461,-0.16386067075566935,-0.8671649267538042,0.9824894352181681,-0.3747630139805025,0.1670868896113682,-1.0504543495742056,-0.1454363729577436,-0.12091798885986071,-0.24162418164633426,0.7809491146505377,-0.851932330425856,-1.0275100759403428,0.041864942900377566,-0.1403398236787995,0.8798453770670258
numHidden 	5
numGenes 	48
minGene 	-1.0
maxGene 	1.0
popSize 	200
maxEvaluations 	20000
mutateRate 	0.5
mutateChange 	0.12
seed 	1554569692737
random 	java.util.Random@76fb509a
neuralNetworkClass 	class coursework.ExampleEvolutionaryAlgorithm
Training Set Training
Fitness 0.02400237019373192