-0.054848191657777434,-0.02620410920226579,0.9944357830202999,0.7942445357114234,0.4493583645412331,0.7023258426398569,0.4918911780494182,0.6196164674471991,0.702336572628321,-0.785805878335311,0.5028220565623343,0.5973138061815868,0.6416853558190208,0.713188557478545,0.8957575728932827,0.5369205645742805,0.6346664178500483,0.5436351039037097,-0.6689862337132926,-0.6979425643717903,-0.4197756188242221,0.20349822281820318,-0.7202536035108322,0.05377514297267805,-0.20071390365786423,0.26954440577254046,0.387438293404035,-0.6017746324105937,0.815858670960893,0.8497491986561563,0.6912052125153165,-0.5055025644083515,0.6973274050662315,0.5963758210827939,-0.8044182539357954,0.11663661403401604,0.5017829925578712,-0.7322741697122646,0.09219798344413799,0.4787889822949698,-0.7687711629410356,-0.5119732293127355,0.5248322026166712,0.5263604327857603,-0.7959081348106858,0.02695573455714184,0.6780748615103387,0.7077273593420237
numHidden 	5
numGenes 	48
minGene 	-1.0
maxGene 	1.0
popSize 	200
maxEvaluations 	20000
mutateRate 	0.0
mutateChange 	0.02
seed 	1554145230796
random 	java.util.Random@76fb509a
neuralNetworkClass 	class coursework.ExampleEvolutionaryAlgorithm
Training Set Training
Fitness 0.11223944327164817