0.6305725509938505,-0.8024826323771987,-8.113679951127217E-5,-0.44197286813725856,-0.6337003208111665,-0.37369536826654026,-0.8959325794247237,0.2764080274016676,0.12139175134777225,-0.4156182067943983,-0.5128462575439912,-0.21726723329537712,-0.8158588142093872,-0.3092541732188543,-0.8956953836914423,-0.9501512269033809,-0.8772785609349398,-0.7277415270568299,0.8875551741033918,0.42231171241270604,0.6818531761931403,-0.6124082823317716,0.4412333990197179,-0.6870740551047021,-0.0230019435855513,-0.08459709730659393,-0.8336869296863507,0.2748389298859004,-0.1571589433370586,0.277754909801746,0.21252886777722546,0.38814423820521515,-0.9088093678789524,-0.8534212110922268,0.9791013653556013,-0.274738974565369,0.22515723355128237,0.34485805739063546,0.8150292462180659
numHidden 	4
numGenes 	39
minGene 	-1.0
maxGene 	1.0
popSize 	60
maxEvaluations 	20000
mutateRate 	0.0
mutateChange 	0.02
seed 	1554222526469
random 	java.util.Random@26ea013b
neuralNetworkClass 	class coursework.ExampleEvolutionaryAlgorithm
Training Set Training
Fitness 0.11550869719884373