0.11558029274116954,0.1180448570032393,0.4323533015892027,0.20137972291128992,0.7435376225019217,0.9908374982906529,0.9214898688692104,-0.5685607432097355,0.191927827984683,-0.749994845808531,0.7557243213814204,-0.8597183834621538,0.0869395586610413,-0.15735327142850664,0.31408602124508267,0.6204988662987183,-0.3823647657897744,-0.9352251964793674,0.37355342311500994,-0.3274615575040114,-0.5673991169606483,0.984960502312004,-0.0011831482236202007,0.6798442627729027,-0.030900890181801755,-0.31146159953277874,0.8484099774671945,-0.3354770416511297,0.8626974673243557,0.6236168814215881,0.9577118641175608,-0.1156610812490868,0.521851102626927,-0.7298130624843662,-0.8105824214290092,0.7841037789601062,0.7059145105312143,-0.3662124133971718,-0.4753944301949373
numHidden 	4
numGenes 	39
minGene 	-1.0
maxGene 	1.0
popSize 	60
maxEvaluations 	20000
mutateRate 	0.0
mutateChange 	0.02
seed 	1554143626814
random 	java.util.Random@1c166344
neuralNetworkClass 	class coursework.ExampleEvolutionaryAlgorithm
Training Set Training
Fitness 0.10983073154984963