0.6308098327522258,0.7858696004176643,-0.59094799457655,0.39048715185477845,0.1094865402609676,-0.12685372963120745,0.27015164726886753,-1.104257103323432,-0.729472471602572,0.37451521452675807,0.22773827405385827,0.4002462826988271,-0.9179794092076158,-0.08770125530815254,0.423327351913542,-1.1859074848679638,0.18001184758402167,0.4923018963143969,0.9582371846896405,0.23412431913322718,0.9987081487850983,-0.671281555778155,0.8634311785963305,-0.6311532935319522,0.003600019797478038,0.031645372092154345,-0.25921720233659395,-0.45569391617383637,-0.5260180451980598,0.13854641685960023,0.5077477441473482,0.09059401564762537,0.09048770088898916,-0.6292301712118848,0.21281902255173035,-1.07534808770524,0.10489884995276666,-0.19150731681363775,-0.5429689247658995
numHidden 	4
numGenes 	39
minGene 	-1.0
maxGene 	1.0
popSize 	80
maxEvaluations 	20000
mutateRate 	0.5
mutateChange 	0.12
seed 	1554584934991
random 	java.util.Random@20734173
neuralNetworkClass 	class coursework.ExampleEvolutionaryAlgorithm
Training Set Training
Fitness 0.10577740786083911