-0.9774852516977512,0.9738798049844459,-0.4108206109031396,-0.20086306297703116,-0.5127620135955806,0.52045809640977,0.7099543845094631,-0.8419475377549188,-0.4086619272328469,0.9360031267146065,-0.07542615207769399,0.20608124934499883,-0.25952557355859396,-0.19577595368378642,-0.05862364900899575,0.9070096696295733,0.2500271029247261,0.37806149757519525,-0.13318256711246024,0.25223445098912967,-0.24152564221987394,-0.889985945506637,-0.9032081699654038,0.47260039413132215,-0.2467587854311002,0.7090890072930605,0.434413018736471,0.12111982885550909,-0.2947024057566858,-0.640129136827503,-0.826232361467546,-0.19423821733161573,0.9393800674479384,0.35627380253556606,0.004765599883316041,0.5715228058103752,-0.8822900516963128,-0.7299536678890206,-0.3016775285072668,-0.7106691816671549,0.8744127158357289,0.5719002020547319,0.12762108955740725,0.9607258712797153,0.3186188902799407,-0.129617106907447,0.4447706721888154,-0.4978745549120336
numHidden 	5
numGenes 	48
minGene 	-1.0
maxGene 	1.0
popSize 	200
maxEvaluations 	20000
mutateRate 	0.0
mutateChange 	0.02
seed 	1554146855628
random 	java.util.Random@76fb509a
neuralNetworkClass 	class coursework.ExampleEvolutionaryAlgorithm
Training Set Training
Fitness 0.05863962745154626