0.28071283059042806,-0.9282478271973709,0.33591358382701614,0.33675843382448356,-1.1403190834455337,-1.0727860608956181,0.3465226816988402,-1.2782275811268133,0.06015275856535002,-1.0207122130432609,0.807944076665813,0.605257310615771,0.6790822685996678,-1.3318548778612458,-0.5972667236674216,-1.1601672967242311,-1.2083729923971591,-0.34161207438680424,0.551531664172507,0.2758410174131528,-0.47740254565824686,0.5262842317808627,0.8701930759521215,0.5791962230742425,0.7875918778227486,0.059514346226376025,0.5688925272701708,-0.7690369486399842,-1.0526646794348407,-0.5549247484560911,0.9923989253981296,0.9290413026682434,0.27069323668280953,0.7760683293389854,0.18389693027519993,-1.251343993118782,-0.18371521596709295,0.7256731883150116,0.6004465999442554
numHidden 	4
numGenes 	39
minGene 	-1.0
maxGene 	1.0
popSize 	80
maxEvaluations 	20000
mutateRate 	0.2
mutateChange 	0.2
seed 	1554663970374
random 	java.util.Random@7274b9a2
neuralNetworkClass 	class coursework.ExampleEvolutionaryAlgorithm
Training Set Training
Fitness 0.10546930249457669