0.3969431675055825,-1.2756201076458318,0.1711863563724424,-0.2567042910434657,0.5673045663565544,0.1627359713307036,0.6247424378405078,0.6867299998641414,-0.7777956849001308,-0.5959531414336499,-0.790201192852948,-0.9094832308561349,0.8510152023740896,-0.20005721217524303,-1.153840636350114,0.032981931831411015,-1.070191412122886,0.25310393760774785,-1.0800414137928027,-0.24964933095689612,0.5415397314493544,-0.6140639126765328,-0.6211780129765418,-0.18616556885765484,-0.11188279142886781,0.18072310346388087,-0.2864301781072966,-0.8544403536397194,-0.08458615872531755,0.4085052435533758,0.09381090813567156,-0.24906176520569634,0.45547900361720967,-0.7997401344902149,0.9392256142095372,0.36265786088389923,0.2359161602860247,-0.9872111238436014,0.7852903453890798,0.1715488054323594,0.4145918469590903,-1.396953275538524,-0.9583507955981603,0.6621612717611822,0.7685456243287112,0.2484690550796126,-0.6567084329830963,0.07596627039522846
numHidden 	5
numGenes 	48
minGene 	-1.0
maxGene 	1.0
popSize 	200
maxEvaluations 	20000
mutateRate 	0.2
mutateChange 	0.2
seed 	1554659195268
random 	java.util.Random@76fb509a
neuralNetworkClass 	class coursework.ExampleEvolutionaryAlgorithm
Training Set Training
Fitness 0.022454602232282402