-0.30662750705555125,-0.22705720978575572,-0.37439479469825787,0.3853992048400009,0.07154944224035287,-0.054931840648563005,0.3253808849503443,-0.8140785764551149,-0.43540805435943447,0.52986845220163,0.822821266522326,0.10787442653436242,-0.9574716105710008,-0.6754741446653524,0.8336968208605072,-0.37230978310435936,0.585319476444882,-0.2015453726843679,0.09818176239651256,-0.02182156600698318,0.3581508480147137,0.8276112753398329,-0.7697773109582413,0.39739317844766364,-0.48398857533459466,0.2691282437034775,0.18478394981529306,0.17517537740567346,-0.5103770757756483,-0.6225422900170071,-0.37114178892557076,-1.0557099051311547,0.4869581249140353,0.2839482189387601,-0.7720208454959703,-0.43617901205415244,0.3270058395938496,-0.08838197282303824,0.7349097467702136
numHidden 	4
numGenes 	39
minGene 	-1.0
maxGene 	1.0
popSize 	40
maxEvaluations 	20000
mutateRate 	0.5
mutateChange 	0.08
seed 	1554299103877
random 	java.util.Random@22221278
neuralNetworkClass 	class coursework.ExampleEvolutionaryAlgorithm
Training Set Training
Fitness 0.13907081592332712