-0.45840751686556835,-0.108803748938332,-0.969153554398722,0.14064190685825118,-0.884778371945891,0.4504036547916963,-0.900417188496875,-0.3462796988517114,-0.6516173263302223,0.5708876561989236,-0.3055616303303026,-0.06225681074783007,-0.6665342732260142,-0.9750614441999215,0.1216949763170434,0.7822544287252211,0.8028107014210788,-0.3330055384698023,-0.12379514123744806,0.5848102701359574,-0.27015060484308306,-0.4430699391525792,0.432800971615128,0.8652306349596135,-0.7282488447370989,-0.24185378034737195,-0.6036644316218405,-0.7283095092290728,-0.7495296884610005,-0.9526065261426129,-0.89490065955241,-0.27438758112700024,-0.9064686287953405,0.44503270569167097,0.7272411898080924,-0.7251081901069816,0.16796866624732743,0.7762005445448772,0.11742553774368103
numHidden 	4
numGenes 	39
minGene 	-1.0
maxGene 	1.0
popSize 	60
maxEvaluations 	20000
mutateRate 	0.05
mutateChange 	0.02
seed 	1554141212753
random 	java.util.Random@1c166344
neuralNetworkClass 	class coursework.ExampleEvolutionaryAlgorithm
Training Set Training
Fitness 0.1321580274483778