0.2935595622004816,-0.3497598667672086,0.3758052205756053,0.5363085715913598,-0.3964684911538081,-0.529459888780943,0.936741265599117,0.34289070950598743,0.8725135217406894,0.6611054194000152,0.564325447489429,-0.2289971464543512,-0.2704827627044386,-0.08735718037594364,-0.6846481716907626,0.20020758397755833,0.8902570887525705,0.3805383012451249,-0.08108717107762842,0.29753327317189315,0.3626623502786792,-0.2903861561465926,-0.43304208692387536,0.06166707456031517,-0.3739320599307716,0.705240919991635,-0.1694590302250616,-0.8089970830525823,0.9473362918214729,-0.045144540226462526,0.19139304727380857,-0.34597872657358164,0.6724040635480775,-0.8805244782502559,-0.5142728464507587,0.9487682853426633,0.3066700153442474,-0.7361216875656802,0.8617766443529424,0.6564326776103011,0.8140229731328146,0.1687323437610473,-0.8616740269618766,0.4585128588349181,0.19243884572848602,-0.37650604014639466,0.9042756569773323,0.13573607163078383
numHidden 	5
numGenes 	48
minGene 	-1.0
maxGene 	1.0
popSize 	200
maxEvaluations 	20000
mutateRate 	0.0
mutateChange 	0.02
seed 	1554145321331
random 	java.util.Random@76fb509a
neuralNetworkClass 	class coursework.ExampleEvolutionaryAlgorithm
Training Set Training
Fitness 0.11932631531651199