-0.08889620204922988,-0.6719740817313657,-0.7133745003552994,-0.13617425676468398,-0.8460216663469478,-0.45561054818502345,0.5808655331865755,-0.43223726874732016,0.38994269660407,0.8265318439159597,-0.6897227941511295,0.6016694073000084,-0.2733496809094984,-0.24213927555068082,-0.8883302916590758,0.7026273832780259,0.8534124740866966,-0.4086866864243337,-0.6469254058801934,0.7274727158798067,0.8908426140902836,0.6713591512621591,0.7534288009957042,0.40759452855416733,-0.39019391572469586,0.35567286910384555,-0.8682360147250134,-0.09629415568958355,-0.5650611175548486,0.13539361103066083,0.6765029474495563,-0.03317608351233092,0.4127139219433793,0.3117934567164151,-0.26500444720925875,0.3681358148969818,-0.10903039507458145,-0.7479350448085977,-0.9504165594300482,-0.4353155693918145,-0.1144431991576138,-0.3608180730086781,-0.7534786227407078,0.9466857845806884,0.8776983512946928,0.1131640933848288,0.6910060665061439,-0.007951981914128936
numHidden 	5
numGenes 	48
minGene 	-1.0
maxGene 	1.0
popSize 	200
maxEvaluations 	20000
mutateRate 	0.0
mutateChange 	0.02
seed 	1554144831193
random 	java.util.Random@76fb509a
neuralNetworkClass 	class coursework.ExampleEvolutionaryAlgorithm
Training Set Training
Fitness 0.11507293392949153