0.5974531323272971,0.17923956930006568,0.7702149834345637,0.8439594941225861,-0.6617524046245962,0.1437839508549359,-0.9436635686620392,-0.08726216516946916,-0.6670441985206486,-0.2146827001603724,0.2529495406654636,0.9643811719646567,-0.9482998886905951,-0.6065388458391823,-0.9485400026641988,-0.22030089774879924,0.20797882483023677,-0.7586726389208207,0.7504049234940533,-0.2804806220054956,0.8811406236928976,0.8616142700519891,-0.5959116755500895,-0.6812238114367823,0.05889611436567033,-0.3346665796607018,-0.8942042570810063,-0.6844181949512949,0.22139480880666285,-0.7462135846784448,-0.5856639760485156,-0.5656685609742991,-0.93870284110059,-0.42288978183410375,-0.5540115638655205,0.1379261949526318,0.8891940294883467,0.10050390313185198,0.6569741154403548
numHidden 	4
numGenes 	39
minGene 	-1.0
maxGene 	1.0
popSize 	15
maxEvaluations 	20000
mutateRate 	0.0
mutateChange 	0.08
seed 	1554226335552
random 	java.util.Random@685e9c57
neuralNetworkClass 	class coursework.ExampleEvolutionaryAlgorithm
Training Set Training
Fitness 0.12670701805894788