0.9781687889889729,-0.5255000776754664,0.21975893202562538,-0.6110245300313508,-1.0375356797829587,0.3684196973779692,-0.3521522951058721,-1.0758617271854072,0.9760531037214553,0.4470434423642696,0.14624819521062432,-1.1793631422720767,-0.5162396738700602,-1.1910088119677207,-1.1245926584904178,-0.8773922841002256,0.08263550463307118,0.5766751850582412,0.44142015249780353,-0.8898859035731745,0.5919814690613777,0.8990009437479698,-0.6300205841649942,0.34992347014355774,0.5499972187875208,-0.3208455127904828,-1.065935768104501,-1.039853750095291,-0.24877389438931438,-0.05112590142431861,-0.3364957663777398,0.07439277240945352,-1.0999833208859193,-0.38275322942775336,0.6618229099363941,-0.5960040115497749,0.30872019956247987,0.14120846944001259,0.16552818205571765
numHidden 	4
numGenes 	39
minGene 	-1.0
maxGene 	1.0
popSize 	40
maxEvaluations 	20000
mutateRate 	0.5
mutateChange 	0.1
seed 	1554397793981
random 	java.util.Random@2ceaf984
neuralNetworkClass 	class coursework.ExampleEvolutionaryAlgorithm
Training Set Training
Fitness 0.01675829281616068