-0.6659700331418811,-0.39121328206651496,0.5598883697447461,-0.27751452380997,0.3541085206875153,0.8959032778805371,-0.33357523076380613,0.24427078664474086,-0.14556027213939154,0.14715277165174329,-0.13701712761591317,0.06868191799383702,-0.2543089697293519,0.4879521304075124,-0.3487508369422394,0.8362121185034108,0.41713474990661825,0.9183633749541097,0.024275497408949104,-0.1434442911551646,-0.6985823185915245,-0.4609449077735216,0.7124582024185098,0.10960186199479138,-0.412903134254199,0.9983390219159236,-0.3423755562165973,-0.21316407869953072,-0.6270276017235055,0.8022852397942589,0.9328890352001443,-0.22271078059813876,0.06762605419538925,0.8820265864016297,0.49960459728317663,0.9206724353379869,-0.37373846929082377,0.7588526225164438,-0.3016471836229524
numHidden 	4
numGenes 	39
minGene 	-1.0
maxGene 	1.0
popSize 	60
maxEvaluations 	20000
mutateRate 	0.5
mutateChange 	0.1
seed 	1554139273544
random 	java.util.Random@6fd6e13
neuralNetworkClass 	class coursework.ExampleEvolutionaryAlgorithm
Training Set Training
Fitness 0.1337947955365716