0.8134457666704832,0.3000790254978334,-0.6137116100153115,-0.31193725533946676,0.002242712864316848,0.11531876404979073,-0.9720297968846772,-0.6286194452526916,0.7247705898274783,-0.618916272384745,0.3529369184695359,-0.3991176920832764,0.36190986622393395,-0.303968818696669,-0.24888179777609348,-0.18078173629432742,0.11581537890775244,0.7836024628264483,-0.09298397670121496,0.903169340114942,-0.7927981000569526,0.2973104990119481,0.5962461819361418,0.6524452390751525,-0.8978671967957095,-0.7724711655802912,-0.3923853806326087,0.12379612024242144,-0.07715916231978819,-0.3113861378121005,-0.038210150107343896,0.39120714701756265,-0.5133659285721679,0.4069087421074437,-0.11617676192371314,-0.7688232242648428,0.5601191745877842,-0.3754539243865389,0.4576405082031392
numHidden 	4
numGenes 	39
minGene 	-1.0
maxGene 	1.0
popSize 	40
maxEvaluations 	20000
mutateRate 	0.5
mutateChange 	0.08
seed 	1554299897512
random 	java.util.Random@231b9aab
neuralNetworkClass 	class coursework.ExampleEvolutionaryAlgorithm
Training Set Training
Fitness 0.11812502071230165