0.012428151777376939,-0.7579394588599759,-1.3170876394293227,-1.037920611187683,0.555121989491431,-1.3231256972848855,-0.18101737573426624,0.66608361148219,-0.07552321460947181,-1.0348496297633305,-0.9972471191435741,-1.2917469010939557,-1.1171286597539571,0.030499121577672816,-0.170540763606425,0.5794815760888177,-0.8770353814707483,-0.057696079113260856,0.847617223783983,-0.8026316467417496,-0.1366819956803612,0.4244395862287182,-0.5315500806124753,-0.2931922409451725,-0.005772625438648149,-1.12788648782841,0.42213796650160557,-1.0388560785437295,0.7299775858310968,-0.8145162110255539,-0.4741061731277923,0.21539686899993715,0.23193639209445005,-0.9099617936248652,0.8683162487788285,0.6056451978670738,-0.2623924469333021,0.037544325072786544,0.616433211596165
numHidden 	4
numGenes 	39
minGene 	-1.0
maxGene 	1.0
popSize 	80
maxEvaluations 	20000
mutateRate 	0.2
mutateChange 	0.2
seed 	1554665299222
random 	java.util.Random@2ceaf984
neuralNetworkClass 	class coursework.ExampleEvolutionaryAlgorithm
Training Set Training
Fitness 0.021209356250000984