0.7802720171728188,-0.037582993580350665,-0.33639451416502264,0.24987536663908694,0.9207502581513227,-0.09036441886354396,0.7073697381293709,-0.8631998751894479,-0.016470554217702604,-0.4910446777220052,0.27170820032771825,0.8169087547481817,-0.7286956807092548,0.14128888811889917,-0.11703003332571149,-0.19052502829121143,0.5014744806196461,0.6690918067143525,0.14069927332223764,0.679862339267937,-0.03560822149027887,-0.6886975773017887,-0.08861787397971788,0.9870011678808313,0.08554583545510464,0.7348506129234393,0.4662909671772839,-0.7963306261533436,-0.2794223459741858,-0.8164072763473946,0.5934590349237967,-0.2466037306864013,-0.14956380715389184,-0.30071475785363555,0.8624210975838766,-0.8286104169476711,0.8639893762111082,0.3457261554689335,-0.030126664182725804
numHidden 	4
numGenes 	39
minGene 	-1.0
maxGene 	1.0
popSize 	30
maxEvaluations 	20000
mutateRate 	0.0
mutateChange 	0.08
seed 	1554225992958
random 	java.util.Random@1c166344
neuralNetworkClass 	class coursework.ExampleEvolutionaryAlgorithm
Training Set Training
Fitness 0.14050358514906275