0.39571852715540545,0.6293857036675601,-0.02823088115595257,0.6152560840662415,0.6972492414578193,0.7294436393399713,-0.30244297631063927,-1.005467386323291,0.47686977591844454,0.8048076119883252,-0.6841562209735902,0.6074285797270891,0.6329770010467395,0.13360361340782012,-0.4211505677234514,-1.364012488551315,0.9077318206742098,-0.3004379411537483,-0.5324554617333634,0.14444863620424675,-1.224938899800652,0.09178194271351453,0.23803176741544152,-0.1394757664232692,0.12026292754705398,-0.77225806435207,-0.17842725515246916,0.4224842483445416,-1.3048370974543222,-0.2796767514625472,-1.0852522432850877,-0.17058664448920374,-0.5715269581840228,0.358435535064725,-1.3768122883157772,-1.237915191487042,0.3292061150062359,-0.7178327569901248,-0.18822829274670438
numHidden 	4
numGenes 	39
minGene 	-1.0
maxGene 	1.0
popSize 	80
maxEvaluations 	20000
mutateRate 	0.2
mutateChange 	0.2
seed 	1554663038396
random 	java.util.Random@2ceaf984
neuralNetworkClass 	class coursework.ExampleEvolutionaryAlgorithm
Training Set Training
Fitness 0.014312008673387704