-0.07468239361047657,0.4632201983687987,0.10424309419895382,0.23409504495380798,0.3853322944751465,-0.2991703256725242,-0.5962500272132016,0.5226310968717811,-0.8381634190767306,-0.583974852250676,-0.5408659816366481,-0.4276731780978529,-0.46025090395712476,-0.8269748129734948,-0.8306840894358813,0.8858384492090459,-0.5899044499193162,0.1936159696558424,0.19709490305783262,0.4498735516358019,-0.91415386661336,-0.4741611719359171,0.25449674528130384,-0.5208196848884452,0.6689378679094633,-0.6770112644365893,0.7058138804891048,0.2789326496687732,0.2802924962005233,-0.8914113059956432,-0.5156146693168915,0.43412103239919353,-0.840723097134709,0.11591685649221617,-0.5232087269206966,0.6697933024720035,0.999328902282349,0.35059500288600254,0.4444299558135496
numHidden 	4
numGenes 	39
minGene 	-1.0
maxGene 	1.0
popSize 	60
maxEvaluations 	20000
mutateRate 	0.05
mutateChange 	0.02
seed 	1554140726020
random 	java.util.Random@5d338d0b
neuralNetworkClass 	class coursework.ExampleEvolutionaryAlgorithm
Training Set Training
Fitness 0.12382373589009092