0.5274409510189251,0.8918657174648235,0.4687071027208971,0.536852560728204,0.3286037812263074,-0.6407198719927893,0.336840731924938,-0.2772419419400294,0.021303918566037527,-0.13851527110768758,0.17982922848308114,-0.8305259824986986,0.4006946475926447,0.01076723267475077,-0.30585257410563393,0.6264232774594731,-0.27216629516018176,0.6288248280154447,-0.05486179847810435,0.6381134860517717,0.23962011156584628,-0.854142419328288,0.37300657454385155,-0.6377363200026298,-0.6096156015407803,0.3636977474530063,0.9500775411765991,0.5692822657765695,-0.9266520219102825,-0.8304290620149253,0.40413151239365996,0.3033471388843929,-0.67359648986886,-0.49528034057144743,-0.3892368438725038,0.2061985866396714,0.4358452841749323,-0.15630397372108895,-0.27284027451931037
numHidden 	4
numGenes 	39
minGene 	-1.0
maxGene 	1.0
popSize 	30
maxEvaluations 	20000
mutateRate 	0.0
mutateChange 	0.08
seed 	1554225743010
random 	java.util.Random@26ea013b
neuralNetworkClass 	class coursework.ExampleEvolutionaryAlgorithm
Training Set Training
Fitness 0.13196399054573946