-1.0288966571489184,0.7545429592117556,-0.3486755894727923,0.15709642080988018,0.9847392798877308,0.7360149816740453,0.34543366661974806,-0.9724909893061052,-0.9456458257055392,0.76105067743311,0.8247011271675798,0.2957657110762606,0.6335996698414275,0.006633219788354516,0.771783985626972,-0.5673040535026289,0.7066144590425107,0.07486544871218193,0.5743103757745661,0.37143472833316016,0.2802129578719531,0.9110947217817974,-0.3171673901749913,-0.19164429719519938,-1.2337264555714471,0.6233219879965921,0.010509852557377464,-0.04848441545050486,-0.8597048275456268,0.15091448103849914,-0.272128788206327,0.07982422579869175,0.7249827039163731,-0.2058418544624614,-0.6448473354146976,-1.0640782642846265,0.48311090194117856,0.3322012941869824,-0.2036590187027265
numHidden 	4
numGenes 	39
minGene 	-1.0
maxGene 	1.0
popSize 	40
maxEvaluations 	20000
mutateRate 	0.5
mutateChange 	0.12
seed 	1554575208301
random 	java.util.Random@541def48
neuralNetworkClass 	class coursework.ExampleEvolutionaryAlgorithm
Training Set Training
Fitness 0.038370983816078556