0.35059544996124536,0.3841366000201323,-0.494818681102164,0.29568181747134914,0.589759202222147,0.8933677571157277,-0.6568068193835255,-0.23214421763827509,-0.30153120438389935,-0.1950960229411336,-0.9722595538977805,-0.03820983959143698,-0.6115909019786858,-0.07846077422948272,0.6306262611008986,0.1729223699030784,-0.5985430446015576,-0.7174628543028352,0.10041902587668394,-0.9782318509114107,-0.5772811081940528,0.05631891373432141,0.7993583509414492,0.2735529575719158,-0.5237989297435197,-0.9664886904363323,-0.8587920262446405,0.6612825303918903,0.3247902570797623,0.5517047874672241,-0.36651692896133437,0.014911718819984765,0.4732408314333232,0.05429935749233317,0.43629615060070037,-0.7822798973479401,0.8793351037190855,0.1384675331785643,-0.49369252148510334,0.5363212310306982,0.3399827213283715,-0.8802491864763875,0.04816268196624973,-0.7511403550107465,0.31721056252329705,0.20195027258509946,0.5507067035673359,0.17219313804907554
numHidden 	5
numGenes 	48
minGene 	-1.0
maxGene 	1.0
popSize 	200
maxEvaluations 	20000
mutateRate 	0.0
mutateChange 	0.02
seed 	1554146033700
random 	java.util.Random@76fb509a
neuralNetworkClass 	class coursework.ExampleEvolutionaryAlgorithm
Training Set Training
Fitness 0.10472217503948641