0.5092601392236198,-0.5065831261433262,0.5935085134593941,-0.3317933223269698,0.2751527598890746,-0.7576706050857731,0.6161207431678416,-0.845177333751223,-1.1921053910046266,-1.1453812174854865,0.8254887806876225,0.5127065403285813,0.5288291369022582,-1.2341595178519178,0.36419483866135405,-1.2062333269747962,0.8351753576399927,-0.2765925766089443,0.2667381682195632,-0.1809738825027758,0.4738180334839879,0.5515319537960498,0.08491383755592241,-0.21151482726368565,-0.35966822271199383,0.1459806469998871,-0.15596704524282512,-0.777375857521003,0.1788477363585984,-0.7462779193101137,0.9796931827693416,-1.088709082362024,-0.41780128172965436,-0.36549810397239246,0.06988771674249328,-1.161079069192788,0.35810673671641824,-0.07416868364085039,0.20481823170865077
numHidden 	4
numGenes 	39
minGene 	-1.0
maxGene 	1.0
popSize 	80
maxEvaluations 	20000
mutateRate 	0.5
mutateChange 	0.12
seed 	1554655705876
random 	java.util.Random@49a4ba7
neuralNetworkClass 	class coursework.ExampleEvolutionaryAlgorithm
Training Set Training
Fitness 0.011973530952056301