-1.1344412040984446,-0.6883756173941066,0.37622644437519237,-0.1302887680075755,-0.6490467256336503,-0.642009837137225,-0.04881530106411036,0.7584426043252684,-0.18833487216274203,-0.353849363286005,-0.18376460417990914,-0.5348313319383684,-0.08009789562302227,-0.5539555430227396,-1.0056626511638243,0.8132786897427896,0.26631692244190086,-0.7390691673278841,-0.845291740894696,-0.9887368136892151,0.21030694239227832,0.3717110737533854,0.4041678225197203,0.8377870562375653,-0.5645856308045839,0.43321328305955664,0.20141471997190663,-0.15565692129601283,0.5955124634822397,-0.744275410502972,-1.0847256390637918,-0.8593170575816813,-0.49620755640273406,-0.29049241495727673,0.25553357055128434,0.9839270507701532,0.04539257978196087,-0.18300959199475597,-0.3049445527531761
numHidden 	4
numGenes 	39
minGene 	-1.0
maxGene 	1.0
popSize 	20
maxEvaluations 	20000
mutateRate 	0.5
mutateChange 	0.12
seed 	1554575667520
random 	java.util.Random@1c166344
neuralNetworkClass 	class coursework.ExampleEvolutionaryAlgorithm
Training Set Training
Fitness 0.020248463782165757