0.716901128374314,-0.7308945140302961,-0.24285885013721356,-0.8377907878878553,-1.176105848604715,-1.0567524453510568,-0.7835479069476726,0.1455707117917981,0.2099816009818087,0.579755343365749,-1.156473651702925,-0.3377615658175557,-0.5248525735611084,-0.6957515555517655,-0.1329930323532469,0.0370812771956682,0.6672789668665279,0.41943621651213936,0.21846836284621582,0.9596000918106592,0.07467405679705413,-0.1879836907875508,-0.608561547284757,0.3527099202751106,0.7052187033165415,-1.1640690330018184,-1.0044067450291738,0.8762358639633431,0.3787119764853448,-0.666676940740327,-0.021891260195400192,0.8047843987665723,-0.8720440503613585,-0.1857042293904864,0.2595455889556907,-0.5643348577488342,0.2858691406995032,0.5888493452537356,-0.280466966645035
numHidden 	4
numGenes 	39
minGene 	-1.0
maxGene 	1.0
popSize 	40
maxEvaluations 	20000
mutateRate 	0.5
mutateChange 	0.1
seed 	1554397970875
random 	java.util.Random@685e9c57
neuralNetworkClass 	class coursework.ExampleEvolutionaryAlgorithm
Training Set Training
Fitness 0.051976997833872836