-0.17298671289381312,0.44883098609305927,0.9469349369676496,-0.8470914979991178,-0.17153143794199766,-0.579839566394349,-0.5325242107840937,0.43223669201361276,-0.10390565736416635,0.4222970860841002,0.794037042544306,0.532236805808324,-0.6656496154541325,0.3231780785791973,-0.699342580437703,0.8486506467346344,0.9282008841166747,0.4732060881160227,-0.23629791192484362,0.09279185424426539,-0.3066152543428886,0.15913792839870333,0.5114747601061069,0.9793467786707362,-0.026342598399255568,0.8672133319626132,-0.6185964499810419,-0.9135324414317025,-0.7093513373953519,0.6629285359287682,0.5715400008038436,-0.7524327593085596,-0.6743260866078407,-0.6218345090166326,-0.24934773243837882,0.6137715997934835,0.4945531393109375,0.9986573552412983,-0.06076233962816084
numHidden 	4
numGenes 	39
minGene 	-1.0
maxGene 	1.0
popSize 	60
maxEvaluations 	20000
mutateRate 	0.05
mutateChange 	0.08
seed 	1554227941541
random 	java.util.Random@1c166344
neuralNetworkClass 	class coursework.ExampleEvolutionaryAlgorithm
Training Set Training
Fitness 0.126717867072033