0.7346288138638122,0.13423680220988965,0.3443646299267833,0.2818482374490707,-0.875118417535732,-0.0964789000588211,-0.1776273522746339,0.9312004475454227,-0.9812101392101824,-0.8948313613794641,-0.0074739600096265235,-0.8288358664677669,0.48905206734548656,-0.2028731913717745,-0.5164389610362292,-0.12504770324994197,0.18094614711895307,0.004970552799238082,-0.8371841557827142,-0.4789484754015938,-0.23833988635739267,0.468161739269068,-0.4733983654902503,-0.7459049997052398,-0.9895398194704839,0.5719789249351084,0.13066004317810753,0.41866532826889435,-0.3965230867093792,-0.8335901494508582,0.280414303420629,0.29867043722187714,-0.18696987359910167,-0.8460887619623727,-0.15968208677893947,0.9638208755460023,0.9758218809672461,0.8711627581760302,0.7038889678274154
numHidden 	4
numGenes 	39
minGene 	-1.0
maxGene 	1.0
popSize 	30
maxEvaluations 	20000
mutateRate 	0.0
mutateChange 	0.08
seed 	1554225589460
random 	java.util.Random@541def48
neuralNetworkClass 	class coursework.ExampleEvolutionaryAlgorithm
Training Set Training
Fitness 0.13302048037971007