-0.014516266703555297,-0.3510277390741964,-0.536932591829243,0.4608165050080546,0.6381965152907061,-0.3831613741094416,0.271614905541423,0.6847013774045382,-0.7200372606857325,-0.07740713334942699,-0.5190124781414505,0.5145195376420574,-0.528241798829052,0.43798120447771244,0.5628121443550316,0.8082399071469331,-0.16806263729188298,0.38997285424424566,0.21346229391447435,-0.20770436659292668,0.9684970657355995,-0.9214002505232112,-0.5691802369363229,0.4662507743425006,0.39053441292051294,0.1070909217743743,-0.34198040707402233,-0.5617357561193514,-0.06495635169277432,-0.12922044523681125,-0.24448102693144835,0.8433364693484446,0.8887129687182544,-0.37960012883403493,-0.5574045938554641,0.9717135476046715,0.32039720159453616,0.5370325499877425,0.06164685328375631
numHidden 	4
numGenes 	39
minGene 	-1.0
maxGene 	1.0
popSize 	40
maxEvaluations 	20000
mutateRate 	0.5
mutateChange 	0.08
seed 	1554301868389
random 	java.util.Random@231b9aab
neuralNetworkClass 	class coursework.ExampleEvolutionaryAlgorithm
Training Set Training
Fitness 0.09791751963060563