-0.7533451931155674,0.8876019738017489,-0.8827513642995948,0.4348357657762504,-0.6381806314074314,0.07180986771651522,-0.06089837205190947,-0.9938806390929861,0.6775630880218793,0.09406417840618798,0.09977259943033036,-0.23708978527971658,-1.0567045074184152,0.07454816346231792,0.3837847796177716,0.08057674410612244,-0.5787199265683706,0.30228526322512456,-0.39824606856559447,0.9422505239425178,0.9674285114968834,0.4276816392063873,-0.007659617033753646,0.25588638387036744,0.5913175638048221,0.6221879419703227,-0.5655256704270978,-0.7705767674633073,0.9752840912802798,0.4412040388104879,-1.115719764675961,0.09005455357393412,0.2047193993525679,0.1342440156345059,0.5596430976170333,-1.012243208038286,0.666451027932522,0.4267677629158341,0.15637342112537284
numHidden 	4
numGenes 	39
minGene 	-1.0
maxGene 	1.0
popSize 	40
maxEvaluations 	20000
mutateRate 	0.5
mutateChange 	0.08
seed 	1554302675469
random 	java.util.Random@5e9a328e
neuralNetworkClass 	class coursework.ExampleEvolutionaryAlgorithm
Training Set Training
Fitness 0.12659257905596996