-0.39229802047005036,-0.1994264328651436,-0.42853165542905425,0.4875431633280859,-0.4460971966125916,-0.22592677204808842,-1.075055714310324,-0.46328461600440285,0.20105451355262227,-0.14878799676497956,0.3119519096007326,-0.37395281271809744,-0.7033260477603542,-0.9848929636984495,-1.0774072264867507,0.3179693465962786,-0.40520844193504124,-0.9312576583356719,0.1465087340158,0.8685145282641372,-0.4898105540984591,0.5340031712866257,0.3353141399366416,0.3437892406673113,-0.24788367564616343,-0.262257436515437,-0.15567441431482298,0.625261377292764,0.13018775242904135,-0.14958145041848014,0.27649277944203854,-0.4000900236478475,-1.1013058958621094,0.26198342044480916,0.9411981270025405,-1.0233243667357779,0.7915553761230449,-0.14865563869943565,0.282859890647139
numHidden 	4
numGenes 	39
minGene 	-1.0
maxGene 	1.0
popSize 	40
maxEvaluations 	20000
mutateRate 	0.5
mutateChange 	0.12
seed 	1554410400627
random 	java.util.Random@685e9c57
neuralNetworkClass 	class coursework.ExampleEvolutionaryAlgorithm
Training Set Training
Fitness 0.12383410644956931