-0.023353752182318138,-0.6106270536200924,0.6911720792504904,0.5854125342454457,-1.098525499452277,0.5357337784691827,0.30853049257100557,0.8090035583782936,-0.4343282067447875,-1.1416908980569889,-0.4863878156473221,0.7015389739960446,0.43662137843987314,0.605216708876327,-0.3306455368314931,0.4332500849451098,0.7896570634068376,-0.5320227455118476,0.3513722412422318,-0.4166579175529045,-0.012144897077887767,-0.1577899352954925,0.7978835885695936,0.12620141716415928,0.6185144674400418,0.962672221282417,-1.0769958100575514,-0.8434345480798865,-0.3537306504261133,0.9629938157663758,-0.35316824903749444,0.9390488781606766,-0.3846441215346681,0.9711673861482404,-0.4504316240437602,0.5193721865527363,0.1886327135681624,-0.6249486456012008,0.21325767307037452
numHidden 	4
numGenes 	39
minGene 	-1.0
maxGene 	1.0
popSize 	40
maxEvaluations 	20000
mutateRate 	0.5
mutateChange 	0.08
seed 	1554304439918
random 	java.util.Random@19e75574
neuralNetworkClass 	class coursework.ExampleEvolutionaryAlgorithm
Training Set Training
Fitness 0.04549361514687335