0.6319828586077654,0.11666296358214623,-0.8013290176908405,-0.057707320900379944,0.5040561371749193,0.7482791085305496,0.9340077428697446,0.9801586357743679,0.35466912600541683,-0.36267617026485305,-1.010326220497779,0.24008362985933418,0.041081943913035934,-0.7994640298899969,0.9578383205137531,0.424027065492571,-0.4947103279688762,-0.6773942264797519,-0.3108376136224012,-0.44816680117557006,0.10808626958439577,0.4114036032439166,0.05221641024922857,-0.416644593809607,0.164949231321882,-1.0944793776507222,0.7046119672150266,-0.5401337323611022,-0.32097928753522614,0.044339038649414075,-0.6950868158247974,0.622822596938986,0.6246646164108312,0.722176891395333,-0.8161544167201988,0.5606318887675332,0.6557810816387115,-0.2781185428908478,0.045273757824368155
numHidden 	4
numGenes 	39
minGene 	-1.0
maxGene 	1.0
popSize 	80
maxEvaluations 	20000
mutateRate 	0.5
mutateChange 	0.2
seed 	1554664447204
random 	java.util.Random@52bd95a4
neuralNetworkClass 	class coursework.ExampleEvolutionaryAlgorithm
Training Set Training
Fitness 0.025068653480807147