0.30123778223709635,-1.322354949167738,-0.3744213350524449,-0.27290200832951483,0.3099765613453382,-0.6326885242627427,0.43780865550951004,0.8759451460183714,-1.324594846432578,0.028586478601557108,0.1899308500969662,-1.0852623172407763,-0.665660237209972,0.3913381117853511,-0.5466473868529537,0.04911124841312581,0.2532565380291679,0.7533473775384902,0.9305810474433467,-0.42309427148434126,0.25356370551860363,0.5055691500280421,-0.9497607875813043,0.38198783742689185,0.42366758372466834,-0.3368648261418586,-0.334784259051273,0.07754767806226265,-0.020875995069320197,0.5439571365034903,0.9052777793803637,-0.6051714964024998,-0.9971300618355203,-0.9393836352995515,0.6374313765952293,0.018327863031404712,-0.16926746533662473,0.6775535161335647,0.9517658058765561,-0.46391487133805914,0.343117289607233,-0.06559904034956981,-0.18252805252681858,-0.2962501455856994,-0.5180215636945271,0.547628425827319,0.34317785288476504,0.013702552368849097
numHidden 	5
numGenes 	48
minGene 	-1.0
maxGene 	1.0
popSize 	200
maxEvaluations 	20000
mutateRate 	0.2
mutateChange 	0.2
seed 	1554659904876
random 	java.util.Random@76fb509a
neuralNetworkClass 	class coursework.ExampleEvolutionaryAlgorithm
Training Set Training
Fitness 0.057726208050802884