-0.10218238770227367,0.4061967396960628,0.7766110805184971,-1.163726616872007,-0.9573474656496095,-0.05815857582754741,-0.024755874148790935,0.9233940827551199,0.17288622946861332,0.6454587727124903,0.7964848121947319,-0.2984596463718492,0.4290526923391217,0.7237568241480756,0.029562987478796543,0.6951916639211166,0.91371035156558,-0.3409464280896179,-0.1865769436162652,-1.2138268747587604,-0.10737678095022385,0.13188144017186587,0.9527834311103895,0.486857740030998,0.25335041647477236,-0.06269273365147437,-0.7145663159173417,0.36229014219323813,-0.7601398538962136,0.3058679302470892,0.3516119132763339,-0.7040784025202333,0.4118613888175994,-0.5017731119151849,0.927632868469088,0.5831000961980068,-0.029873656475413013,0.1633573579480676,-0.2402352639397281
numHidden 	4
numGenes 	39
minGene 	-1.0
maxGene 	1.0
popSize 	80
maxEvaluations 	20000
mutateRate 	0.2
mutateChange 	0.2
seed 	1554660428982
random 	java.util.Random@20734173
neuralNetworkClass 	class coursework.ExampleEvolutionaryAlgorithm
Training Set Training
Fitness 0.04194866781631251