0.7994347978876446,-0.9640769309826551,0.5577848138331163,-0.8572713051449683,0.40297307620098527,0.8825157881328229,0.5976999331112738,-0.11832483641381386,0.10544214575401178,-0.0017957089820797023,0.8744796589589932,0.21802617854533968,-0.5643783484648941,0.19756675698840936,-0.4818770237687932,-1.0795404162055842,0.35034326712006586,-1.168332224982228,-0.583633384772148,0.14350584441214875,-0.13754346516667193,0.19101532870557802,-0.6304862500797246,-0.2788302393649803,0.4175187049338677,-0.5400325327324847,-0.5405767628845871,0.5983851384940451,-0.2045083544855159,0.8134215310559858,0.20132422976347614,-0.5086696282240919,-0.6733825633034949,-0.1998658649576921,0.3662605048240543,-0.4226018042775999,0.33603554734027136,-0.07696475162067629,-0.006388591015897227
numHidden 	4
numGenes 	39
minGene 	-1.0
maxGene 	1.0
popSize 	80
maxEvaluations 	20000
mutateRate 	0.2
mutateChange 	0.2
seed 	1554660346897
random 	java.util.Random@2ceaf984
neuralNetworkClass 	class coursework.ExampleEvolutionaryAlgorithm
Training Set Training
Fitness 0.062173880497777334