-0.2772177833971719,-0.38582566485758835,0.14831465262233173,0.015269961213436323,0.533337163907587,0.8860334698947545,-1.0828886828283757,0.3411222646489453,0.12115742318357636,-0.2137347431997591,0.6277096290550237,-1.2969891917307395,0.07919068248644345,0.0888648976141792,-0.07012890025084301,-0.6933987290858665,0.678706391087345,-0.5900572090131878,0.7687920539266806,-0.9563625084693483,-0.014417746865135694,0.58644898551634,0.9608735860455591,0.9942685797980892,0.23669858127432042,-0.35780646991311577,-0.4868979920492323,-0.5499724953917844,0.9529175655468207,0.7525031154346762,0.508023379180571,-0.55287812813525,-0.7657350374019505,-0.22137994707679198,-0.04831072008920129,-0.5842866177713488,0.1645728612203018,0.7152148349914558,0.6698381779461391
numHidden 	4
numGenes 	39
minGene 	-1.0
maxGene 	1.0
popSize 	80
maxEvaluations 	20000
mutateRate 	0.2
mutateChange 	0.2
seed 	1554665219625
random 	java.util.Random@20734173
neuralNetworkClass 	class coursework.ExampleEvolutionaryAlgorithm
Training Set Training
Fitness 0.10583474740941064