0.5376725210690251,-0.7135443092321974,0.1750604682209449,-0.6555148148279719,-0.8950314078007158,-0.971210523053349,0.658793855968592,-0.17738623107714496,0.9913836906816869,-0.17424857012159417,0.22279913449776712,0.14903029354081465,0.5340911305446723,-1.3079865213664381,-1.0330887843942989,0.3763584281444662,0.590877671678876,-0.6144965457086713,-0.42993557742954736,-0.6967300006837454,0.07803459334584067,0.16247718548919232,0.23302389701999027,0.12889999710441902,0.2609501781938077,-0.1187451696059339,-0.5900914344351371,0.2360094050416538,0.9579624298250387,-1.0554261415591804,-0.3451155443492958,-0.6960177604625315,0.7527965269362471,-0.07909553215251214,-0.4985762679501306,0.4093841990216111,0.0581779951743111,0.14796034002363379,-0.10495971673179555
numHidden 	4
numGenes 	39
minGene 	-1.0
maxGene 	1.0
popSize 	80
maxEvaluations 	20000
mutateRate 	0.2
mutateChange 	0.2
seed 	1554665540393
random 	java.util.Random@2ceaf984
neuralNetworkClass 	class coursework.ExampleEvolutionaryAlgorithm
Training Set Training
Fitness 0.01736884373391019