-0.5912238694078861,0.49712047474923593,0.6103660653662958,0.8160268748577578,0.24630897774942628,0.8945655142031933,0.977074468483719,-0.26217422568863247,0.13600124482299858,0.825222222495598,-0.3129801140696127,0.49033819972849446,-0.8156902849043836,0.90140120847602,0.20422141499692803,0.19811861318218238,0.823001404698946,0.6977409103148471,-0.5042660216068328,0.9539239360513466,0.5500524520705775,0.1419223551471489,-0.17861217691424625,0.36982808200737927,0.024904065984651447,-0.2538352670879933,-0.35586378453843015,-0.5713796615589901,-0.819715700987403,0.14774592397540398,-1.1070529921166865,-0.29497856797754307,0.6978839442474599,0.6399966774115826,-0.8834975047526649,0.9507039637947757,-0.4572483158019086,0.1109181969883073,0.554799707624601,0.6440570515870125,-0.09864676444454368,-0.05522182624274041,0.2670715759865825,-0.52491146779504,0.7808151649485063,0.10274167165776071,-0.25172251247140254,0.5478108799293672
numHidden 	5
numGenes 	48
minGene 	-1.0
maxGene 	1.0
popSize 	200
maxEvaluations 	20000
mutateRate 	0.5
mutateChange 	0.12
seed 	1554575835962
random 	java.util.Random@76fb509a
neuralNetworkClass 	class coursework.ExampleEvolutionaryAlgorithm
Training Set Training
Fitness 0.015601448257035