-0.4840000946452345,-0.9273142376618149,-0.11080081276257638,-0.7345976231357554,-0.5816803901243339,0.7151965519503127,0.8949184850237544,-0.7678019131254885,-0.40434562057468093,0.6333165858809102,0.8619226729260108,0.9672160604590376,0.00792846944552239,0.04507772824333456,0.9730378231770664,-0.8675692644411832,0.33191521226959453,-0.7886206195365815,0.08693812994686789,0.9214525838852043,-0.30912684398226675,0.8090617768692012,0.9203087875703397,0.07480456054043616,-0.9228089430796393,0.4528757887296564,-0.37796901829929186,-0.1788041189908602,0.8549510515139114,0.3528773747716436,0.9632337176208969,-0.3649123892836088,-0.15274104482102133,-0.5988245811988178,-0.6337425685042204,-0.30624130292556884,0.0701467038898258,0.6834981678433623,-0.16531580227133771
numHidden 	4
numGenes 	39
minGene 	-1.0
maxGene 	1.0
popSize 	60
maxEvaluations 	20000
mutateRate 	0.05
mutateChange 	0.02
seed 	1554141104461
random 	java.util.Random@1c166344
neuralNetworkClass 	class coursework.ExampleEvolutionaryAlgorithm
Training Set Training
Fitness 0.09646728337286133