0.9588786530630911,-0.9515360948959048,0.7628043259313848,0.5209630373156056,-0.5594956281175536,-0.4419002208664613,0.9904571460757929,0.17956434501655893,0.4963293393254935,-0.41569128018738777,0.6275011501558434,-0.04266764542764112,0.5732397292816642,0.4253897764189736,-0.14552837587985,-0.6301940589629778,0.6007971111642536,0.7689493341814757,0.674348362489076,0.14551787800769844,0.22092473361428833,-0.838603051623307,0.2753079574555404,-0.5902818880470833,0.3831783094275938,0.783991571569473,0.01850338480418645,-0.5858182685073574,0.38851580155000276,-0.15320013924509457,0.7805174612380845,-0.9267831203575341,-0.11847400600462499,-0.10593684605881659,-0.18777896023196705,0.7236199781897887,-0.2618695391020298,0.08109631252047889,0.26543616948172444,0.9758440277420624,-0.325128830601636,0.45756618893388534,-0.9707151878269848,0.521630951571529,-0.2877335501601208,-0.4153127606437741,0.8893228467987182,0.049773772321613396
numHidden 	5
numGenes 	48
minGene 	-1.0
maxGene 	1.0
popSize 	200
maxEvaluations 	20000
mutateRate 	0.0
mutateChange 	0.02
seed 	1554144913598
random 	java.util.Random@76fb509a
neuralNetworkClass 	class coursework.ExampleEvolutionaryAlgorithm
Training Set Training
Fitness 0.08842397455327611