0.3231111278201635,-0.0171640783475413,0.7108655889155169,0.8887226356103639,-0.21871878710313708,0.17008989290103038,0.9711031007416631,0.47608342588489583,-0.468270237227443,0.9789812877391153,-0.7617357075953275,-0.14981925860292677,0.717788261227589,0.6540080156777253,0.9656200117028051,0.4058058362562236,-0.6537094007643032,0.09129427387255462,-0.9222987663867459,-0.44848894041813714,0.672440052528622,0.30924730891026364,0.3556078426257432,-0.4413560485401844,0.5034721431132492,-0.43076461258355003,0.5899526692056891,-0.1362835105684026,-0.8618670010389733,0.7138121860623872,-0.9229697906933036,0.3803037678547663,0.5799229897167413,0.8948360489706895,-0.5641475416420167,0.9330320818311355,0.4429273513009344,-0.01499556456446638,0.05194275552558669
numHidden 	4
numGenes 	39
minGene 	-1.0
maxGene 	1.0
popSize 	30
maxEvaluations 	20000
mutateRate 	0.0
mutateChange 	0.08
seed 	1554225909374
random 	java.util.Random@541def48
neuralNetworkClass 	class coursework.ExampleEvolutionaryAlgorithm
Training Set Training
Fitness 0.13987314745540816