0.3882719734115267,-0.7127403034143454,-0.42582136271341836,0.7744642527888149,0.40155103350001253,-1.0913883241697366,0.4118527776330534,-0.2279827786816233,0.20241705365977614,0.7381037639281899,0.31219254170670796,-0.796926497525195,0.8132695000764792,-0.972054214324756,0.29608984038298586,-0.9638740121720722,-1.0478363975321587,-0.6261299526274269,-0.37885224713942556,-0.17729369833693998,0.2718667268030637,0.4547736670805917,0.10310033050447727,-0.663913731509476,-0.24519069561323642,-0.8078597216147277,0.5502375854935192,0.2094971197514955,-0.738391059483049,-0.5382947832264016,-0.954258849943121,-0.5448820135353147,0.7709238731864584,-0.7619698588721956,0.21416276250388067,-0.23546007985344558,0.8509704951409099,0.6033569323765484,-0.207892854309353
numHidden 	4
numGenes 	39
minGene 	-1.0
maxGene 	1.0
popSize 	40
maxEvaluations 	20000
mutateRate 	0.5
mutateChange 	0.08
seed 	1554301018316
random 	java.util.Random@22221278
neuralNetworkClass 	class coursework.ExampleEvolutionaryAlgorithm
Training Set Training
Fitness 0.12126668610653697