0.5026620959999039,-1.0302133180019792,-0.20036063143117633,0.23484353015653647,-0.24976075765850225,-0.21737264143429041,0.7923102555819236,0.05385721263718114,0.4131538605538876,-0.5165112571655686,-0.12782762861781533,-0.023586665641330523,-0.1480796546654743,0.8349374802823185,0.9002564854889956,-0.3325962586289796,0.0924405609179575,-0.05214161242466438,-1.0295044613979651,0.38427042727916355,0.02897454758616616,0.4741014463708512,-0.31129554945418786,-0.06609119713063062,0.6466329122196437,0.9032743830435507,-0.19964457489662896,-0.5519214011050224,-0.6337459666769335,-0.1843724924095156,-0.2372932391923438,-0.4577241955682209,0.7530457845405826,-0.7128840490374222,0.03161070448019557,0.41340979327256744,0.14138660232498795,0.8993676902645594,0.30059021666010793
numHidden 	4
numGenes 	39
minGene 	-1.0
maxGene 	1.0
popSize 	40
maxEvaluations 	20000
mutateRate 	0.5
mutateChange 	0.08
seed 	1554300469173
random 	java.util.Random@5e9a328e
neuralNetworkClass 	class coursework.ExampleEvolutionaryAlgorithm
Training Set Training
Fitness 0.10813675528363875