-0.07067887980149827,0.18820009627892836,0.6289633017430747,0.90381079941829,0.8817953593666065,0.8488168612338719,0.9700892211191837,0.9442710990335027,0.2704639482168567,0.32567540745635787,0.37165873256690934,0.6364841489356857,-0.4027189937664878,0.5071151400720252,0.7752166219504028,0.27621976858269365,-0.4666022305244408,0.50259507437483,-0.15481596911649403,-0.13680939739779724,-0.13569898961182658,-0.22913210268139245,-0.43206957408130314,0.5618671417797831,0.6572276144498307,0.3755266526483164,0.738591570821828,-0.2728623778088644,-0.10099676743857229,-0.2003939373970018,-0.2714919112323588,0.10278300463554142,0.9675295943124776,0.19412368177717237,-1.0975142046577433,-0.9248077419213169,0.9177235039323687,0.7811493405444967,0.7339075712516614
numHidden 	4
numGenes 	39
minGene 	-1.0
maxGene 	1.0
popSize 	40
maxEvaluations 	20000
mutateRate 	0.5
mutateChange 	0.08
seed 	1554303404532
random 	java.util.Random@6b60801c
neuralNetworkClass 	class coursework.ExampleEvolutionaryAlgorithm
Training Set Training
Fitness 0.102875818609554