-0.5490052720099602,-0.3881152538914556,-0.4367303762057522,0.11945152918958118,0.3068206043569532,-0.9605936701795896,0.3384871691081402,0.748823902301235,-0.38080695956888405,-0.3674243968927197,-0.6296191199069846,0.30737046136595075,0.837655080616889,0.22283329775788352,-0.0740586823186803,0.981748126275557,-0.08309818421795852,0.44012704759350557,-0.7501553581518445,0.7058745247906627,0.8857586350561379,0.6544520930228217,0.06547256767286476,0.7143171119702819,0.0436079779889145,-1.051537822400588,0.9175423543632839,-0.6531787256286412,0.883857494040044,-0.3454099791855163,-0.8662085473330509,0.4318327941268592,-0.12463080203275641,-0.2804287504948704,-0.504262602688939,0.3575706406577036,0.5665992561436376,0.531217282237637,-0.6763856973883686
numHidden 	4
numGenes 	39
minGene 	-1.0
maxGene 	1.0
popSize 	40
maxEvaluations 	20000
mutateRate 	0.5
mutateChange 	0.08
seed 	1554300205906
random 	java.util.Random@22221278
neuralNetworkClass 	class coursework.ExampleEvolutionaryAlgorithm
Training Set Training
Fitness 0.02731046719451228