0.2735102642913894,0.8595568346928611,0.6728458846935791,0.1514219490594791,-0.19207606435214836,0.24735749268151985,0.3269836039786325,-0.3486842288102196,0.3703111278498132,-0.10210073757908242,0.27551895092239276,-0.06750842481950341,0.6174447972175865,0.9218752620875508,0.5821981279757941,0.39437518585614423,0.3351563502226041,0.8045980015790613,-0.2157933022334168,-0.4659713229351313,-0.801936751118981,0.7372721656919292,0.22881340756948454,0.5595431531926477,0.15959814857611976,-0.9043403311101683,-0.6371585958013077,0.45564318342139454,0.9047989763223763,0.12128727295646824,0.4111027879135465,-0.09182609985971357,0.8663714632165546,0.12174417301591056,-0.06493680813307168,-0.10752425457350312,-0.1098644675895808,0.50294063868415,-0.7300401270148019
numHidden 	4
numGenes 	39
minGene 	-1.0
maxGene 	1.0
popSize 	60
maxEvaluations 	20000
mutateRate 	0.5
mutateChange 	0.08
seed 	1554298932986
random 	java.util.Random@7fa24ad0
neuralNetworkClass 	class coursework.ExampleEvolutionaryAlgorithm
Training Set Training
Fitness 0.1507316257287568