-0.5133311499771829,0.5653026756767745,0.0766883809779203,0.6908145212350696,-1.2130995014279269,-0.14371433560554941,0.5486760387417922,-1.5249038405391588,-0.4060877008516505,0.28808199866217193,-0.9036687343086318,0.7149614195323601,-0.2156985831448593,-0.9939282451157156,-0.7309801042743002,-0.7848731381745208,0.879418753751068,-1.4199062155559445,0.02308568763280372,0.7197062381951929,-0.5941124758794747,0.26078035692342777,-0.8718141648061346,0.07083328644993225,-0.19988571639959746,-0.022773853641550768,-0.768824973651691,0.43511450240050614,-0.7195126825503921,0.6200970255116718,-0.6852909402120693,0.35705569037329826,0.1035335971923309,0.5749840552371668,-0.3384337425071671,0.45055774975999013,-0.5246155166758948,0.5540141965489911,-1.0279866986369885,-1.3459687098919102,0.6074790343118024,0.11943072432996094,-1.5196296102626632,0.6516327637639063,0.6855102713961136,0.5010596700476919,-0.42174118516908404,0.30257728039479187
numHidden 	5
numGenes 	48
minGene 	-1.0
maxGene 	1.0
popSize 	200
maxEvaluations 	20000
mutateRate 	0.2
mutateChange 	0.3
seed 	1554657766530
random 	java.util.Random@76fb509a
neuralNetworkClass 	class coursework.ExampleEvolutionaryAlgorithm
Training Set Training
Fitness 0.022498937679876988