-0.3493046874619514,-0.956826624811683,0.03539381918838802,0.7146833641177057,-0.1261388405535293,-0.9891894587246222,0.30593553714947497,0.9846788706998235,0.9425322419836113,0.32580802220405713,0.3228681440935195,-0.7623663966395722,-0.34032689019725204,0.6952925749750345,-0.7100043823137141,-0.6800850454372549,-0.34077530384337296,0.9938794452714124,0.5166416915078664,-0.6079326713343289,0.6483063262351785,-0.6119415273017004,0.13809096888738526,-0.15996707992110015,0.868558802791136,0.1963885318621399,0.19880075195076818,-0.4537037562613042,0.07074020752027743,0.9953128999605414,0.39905569656983375,0.8460345667426008,-0.6112788887141167,-0.8814423342390998,-0.5012706984854074,0.11813972758094948,-0.21890373240859717,0.4501982992635176,0.7490083805754699,0.9458645449347258,-0.7086912075780596,-0.4192838688543541,-0.2344022044701468,-0.5670232856516053,0.36468739738324185,0.04687407592468218,0.5229630680781145,0.13271694292424585
numHidden 	5
numGenes 	48
minGene 	-1.0
maxGene 	1.0
popSize 	200
maxEvaluations 	20000
mutateRate 	0.0
mutateChange 	0.02
seed 	1554146960926
random 	java.util.Random@76fb509a
neuralNetworkClass 	class coursework.ExampleEvolutionaryAlgorithm
Training Set Training
Fitness 0.07437998413668916