0.7852902152986319,0.07898011548611017,-1.1968526216635076,0.42545303915051347,0.4804121924237089,0.8354317591628223,0.5291525083317129,-0.392207919993234,0.10150602673730513,0.12232284499931556,0.0665464628897755,0.7130268609475054,0.5915624569550945,0.7699106897934197,-0.6059030275540702,0.8641922214314804,0.748267016262882,-0.4416845445163202,0.8119995371529913,-0.5749222160533461,-0.6152947216179294,-0.4885113454612966,0.8626471286746727,-0.49409721355677483,0.40817088189077855,-0.8640472543845525,-0.5333672902961515,-1.2144493975325865,0.3301066400040831,0.9486892847478281,-0.4401333900993767,-0.955845802100964,-0.6184636830664392,0.19800645926132632,-0.5397320236674761,-0.18947244903426508,0.7321733833828048,0.6031692147235166,0.7175674530518247
numHidden 	4
numGenes 	39
minGene 	-1.0
maxGene 	1.0
popSize 	80
maxEvaluations 	20000
mutateRate 	0.5
mutateChange 	0.12
seed 	1554584760616
random 	java.util.Random@35afcfa6
neuralNetworkClass 	class coursework.ExampleEvolutionaryAlgorithm
Training Set Training
Fitness 0.11136417996155185