-0.5384076872723648,-1.135673369520053,-0.5479163373031883,0.5292962110782847,-0.8498419714846401,-1.1396779677580664,-0.6905314715169851,-0.2828423057109659,0.2951473099476044,0.5688993086404225,0.7012951187368422,-0.7743493753968578,0.8053533293421097,-0.21983396506572295,0.4296814057193077,-0.13143731595462005,-0.4593616209454935,0.7381970683485359,-0.6815606737469613,0.6865865813655586,0.7586594599652997,-0.4999114310203453,0.48638870808860135,-0.5165520135723163,-0.7491671794308089,-0.12395227228238737,0.3620053527737379,0.7787689396170565,-0.8412984828807156,0.08404668221063283,-0.6289234154540434,0.7245152423762009,-0.6589885797681134,-1.1176660395511044,0.754426445419132,-0.302108649541035,0.07344130185269815,-0.014637670971604289,-0.3493354315514736,0.46206194120130195,0.8070737846847514,-0.7765422478551415,0.20930291517136423,-1.0229041217320394,0.8083336100943767,0.4938201686510335,0.602475016187344,-0.37295782433206637
numHidden 	5
numGenes 	48
minGene 	-1.0
maxGene 	1.0
popSize 	200
maxEvaluations 	20000
mutateRate 	0.5
mutateChange 	0.12
seed 	1554583826541
random 	java.util.Random@76fb509a
neuralNetworkClass 	class coursework.ExampleEvolutionaryAlgorithm
Training Set Training
Fitness 0.03946477323517442