0.7050439537079595,-0.8851730299672962,-0.7197300207319094,-0.5467633448259838,-0.2231961856178905,0.28641248291128596,0.24987980520134379,-0.5203613548751584,-0.7708134510293216,0.6385123106646998,-0.1612154088452986,0.4132760541986207,0.5666469665626552,0.5167193763140567,0.5821537792619695,-0.3742357755830857,-0.320171106851312,0.24705605636597522,-0.6150448421001622,0.3752948088457697,-0.6816097478662874,-0.3302604030757231,0.34213818502243226,-0.5493650387959694,0.0034576818665563724,-0.7941871593295551,-0.7157801357779314,-0.2677496839435627,0.9958068872289105,0.9529898854709988,0.6612831756206546,0.5428790825120143,0.950318312200017,0.9846454845515027,-0.5558989054546853,-1.0412887375369655,0.6642101611696788,0.12595360666363037,-0.9706964669537838
numHidden 	4
numGenes 	39
minGene 	-1.0
maxGene 	1.0
popSize 	40
maxEvaluations 	20000
mutateRate 	0.5
mutateChange 	0.08
seed 	1554300137941
random 	java.util.Random@41783527
neuralNetworkClass 	class coursework.ExampleEvolutionaryAlgorithm
Training Set Training
Fitness 0.13412784005568507