-0.5801957683201375,-0.7662814402174187,0.42365656683549213,-0.49779247313102815,-0.5853947650970541,0.18691123676678467,0.06963997877096673,-0.7875774285165786,0.7029018603552901,-0.7398773860050689,-0.42304464646867324,-0.4982957996914672,-0.15039900867524447,0.05999731555245846,-0.046202673992324694,0.25290141626313667,0.4370788576334703,-0.46183498980576276,-0.12320245494341497,-0.5086412775421323,-0.5600252591739856,-0.9990772804889669,-0.047719810393218154,-0.2772726260472631,0.27220851930238843,-0.07483465879174611,-0.38430659381970145,-0.5623680086630984,-0.09994255235089033,0.2964351792888549,-0.8829318947482327,0.040902124079873925,-0.14154422365709918,-0.42093006112027287,-0.6865717827121325,0.8392522203939965,-0.5127818343264816,-0.5170165918286931,-0.5999907998321652,-0.3545867420704323,-0.01115570125043197,0.4524858093096762,-0.878357402829955,-0.01502336520246983,-0.6667444347445577,-0.5355190884117753,0.8381911148591952,0.0739257629487462
numHidden 	5
numGenes 	48
minGene 	-1.0
maxGene 	1.0
popSize 	200
maxEvaluations 	20000
mutateRate 	0.0
mutateChange 	0.02
seed 	1554143952612
random 	java.util.Random@76fb509a
neuralNetworkClass 	class coursework.ExampleEvolutionaryAlgorithm
Training Set Training
Fitness 0.11193775782205287