0.45266526730111195,-0.9998464890279737,-0.29600256629512967,0.06654643023929757,0.4775159047977406,0.0725788506079666,0.8503661086973164,-1.2664391379689621,0.027388528346161678,-0.34267052241231194,0.22940089955640963,0.14366621315565475,0.7120221680907068,0.11538546902126723,0.624972308466538,0.35404994745213064,-0.35993150415318514,-0.2501198908338592,-0.45711131408011013,0.9630348583896855,0.2674261337731191,0.29182019437939855,0.7304017799117546,0.6685415340027863,0.7738832784597489,0.1279240005069886,0.8393597483169533,-0.15520287224726514,0.8675930015792102,0.9018391037421656,0.5467877734013238,0.5656239101157472,0.7235451392275452,0.017267826311129608,-0.5404298550804008,-0.5438450198919236,0.08134060328077175,0.28129433760358447,-0.34470473259862716
numHidden 	4
numGenes 	39
minGene 	-1.0
maxGene 	1.0
popSize 	80
maxEvaluations 	20000
mutateRate 	0.2
mutateChange 	0.2
seed 	1554663759281
random 	java.util.Random@20734173
neuralNetworkClass 	class coursework.ExampleEvolutionaryAlgorithm
Training Set Training
Fitness 0.057953128051086794