-0.831220423559492,0.872067227459633,0.21410405826911316,0.875316975600734,-0.1354418920755529,0.6475964464263912,-0.3830315200181922,-0.3823321182220789,0.2825509723749142,-0.36689193874556314,-0.025320430265097116,0.14207875555611804,0.627273674646847,0.09778268263318624,-0.281792639188839,0.5811863072423256,-0.491843680141282,-0.874634789818745,0.30572458252369206,-0.10766957179534642,-0.9378704926076347,0.39295473276391424,0.6348855911723186,-0.39450167262531366,-0.20841610236128627,0.5451245101429245,0.9439331610143125,-0.12815447132172797,0.28079346720849996,0.5431746645598281,-0.05104060288303103,-0.6396016520159267,0.9232124617909596,0.9281216307021856,0.7985895691745037,0.017711914238295323,0.4375918407633719,-0.5521566679376781,-0.9572305420603955,0.5159748751969733,0.8745195992989663,0.8901836972690018,0.051358756375713854,0.1819061685811887,-0.9187976762300596,-0.6999758999416981,0.05259536415256916,-0.12341646913432203
numHidden 	5
numGenes 	48
minGene 	-1.0
maxGene 	1.0
popSize 	200
maxEvaluations 	20000
mutateRate 	0.0
mutateChange 	0.02
seed 	1554146364074
random 	java.util.Random@76fb509a
neuralNetworkClass 	class coursework.ExampleEvolutionaryAlgorithm
Training Set Training
Fitness 0.1165481996661138