0.5509510285326205,-0.7519596899459364,-0.32983971978349375,0.16933609861898968,-0.4928035327610299,0.9642692456732807,-0.010009992351507499,-0.9604651859953758,-0.7785414868634581,0.8434404269796021,0.2285457257187044,0.06117311361053328,-0.9200506158883301,-0.394953918571985,-0.5979474609880171,-0.9064105913250623,0.6016405613638746,0.0319907175274039,0.9640169080464179,0.4485345711123005,0.7833010198251138,-0.394776838112068,-0.7170258414045577,0.48464190022492876,-0.4071045041749719,0.9309667668048792,0.28341884769216774,0.44337895921324866,-0.8639425231236167,0.3942278659564873,-0.537800050383972,-0.6768619771597782,-0.6320879624324385,0.24740613332177364,0.709757431234585,-0.8845750435257764,0.9337181280752305,0.13801556565001305,-0.06146287152975079
numHidden 	4
numGenes 	39
minGene 	-1.0
maxGene 	1.0
popSize 	60
maxEvaluations 	20000
mutateRate 	0.5
mutateChange 	0.08
seed 	1554298607823
random 	java.util.Random@22221278
neuralNetworkClass 	class coursework.ExampleEvolutionaryAlgorithm
Training Set Training
Fitness 0.13534823943893126