0.8629656259865999,0.43432582239028084,0.21777422052476547,0.37559408168565367,-0.38819875751584776,0.7360638450834056,-0.9707535496437957,-0.3497035416334642,0.5167477358916296,0.39614167245969123,0.3135495397121386,0.12966377563609366,0.6599466114034208,-0.4382610673047743,0.5159238425984896,0.5242260192320528,-0.9678930448300692,-0.01831666571116919,-0.24382253563991652,-0.16613478758492561,-0.3329440357924037,-0.14241373366242605,-0.4200677743241751,-0.5068822645463205,-0.29261171779032646,0.2754780120049247,-0.45856569860932794,0.036435548812693286,-0.8394750785233563,0.33664607770908705,0.8430589024576405,-0.9867573453549331,0.8792546995870001,0.9767714121588396,0.5676540720576045,-0.5807359581007582,0.9281002946599539,0.24534647573277768,-0.07661562185889537,0.35974433322468513,-0.6233867521680324,-0.36724844354913433,-0.2232495024447667,-0.8581847520901789,0.49297080771482493,0.5602549170184112,-0.14202319771088334,-0.9325901626685562
numHidden 	5
numGenes 	48
minGene 	-1.0
maxGene 	1.0
popSize 	200
maxEvaluations 	20000
mutateRate 	0.5
mutateChange 	0.12
seed 	1554576123463
random 	java.util.Random@76fb509a
neuralNetworkClass 	class coursework.ExampleEvolutionaryAlgorithm
Training Set Training
Fitness 0.026087937565456777