-0.17593110205497758,0.3800553323228954,0.4388266769094977,-0.2997447862965118,-1.2424204752038026,0.6746684141722268,-0.9241532166612934,-0.541465582713883,-0.2609513904871925,0.19763460379641395,0.2490592780389317,0.2791587463694225,-0.07138391079744544,-0.7438964193980626,-1.1637604891676276,0.17050036594152662,0.8488622588503303,-0.3901040873815719,0.3509078407273067,-0.8621718883249418,-0.0922017562495045,-1.1836214507822251,-0.18923373305879276,-1.0576799778778208,0.3415974257241642,0.784244334787386,-1.065011523291572,0.8539218926793588,-0.24171950434677286,-0.13014984490404247,0.46036549876387917,0.3545591668524017,-1.028228416195576,-1.3889032878567136,-0.09423727060477788,0.19078568371362353,-0.5135559179672076,-0.18233929150154715,-0.18370351147904346
numHidden 	4
numGenes 	39
minGene 	-1.0
maxGene 	1.0
popSize 	80
maxEvaluations 	20000
mutateRate 	0.2
mutateChange 	0.2
seed 	1554663853360
random 	java.util.Random@2ceaf984
neuralNetworkClass 	class coursework.ExampleEvolutionaryAlgorithm
Training Set Training
Fitness 0.04058568590814573