0.44460525564716535,-0.9262725409727027,0.5914520246448017,0.9955110763252926,0.6421879168170259,-0.12307002456123484,-0.770163759056852,-1.0435512423159372,-0.0644072574136762,-0.42233650817849455,0.19292295595242034,0.3330860852179319,0.6159957974309712,-0.9484051204931286,-1.0140818036222663,0.812516246989496,0.8959669385207434,0.7757181282440803,0.25651018904891276,-0.42890381367407915,-0.5314797678260811,-0.8275066690569282,-0.3002893280200798,-0.34825656226231394,0.8788309041411941,0.4107467589809948,0.8322296383205294,0.04709758947151918,0.8244029392743464,-0.6731293756053177,0.7640805006325607,-0.4969396180086636,-1.1360765237218866,-0.30256289301191064,-1.1091823877033875,-0.19394395495866637,0.041994830450072046,-0.6755782220472017,-0.511990792712981
numHidden 	4
numGenes 	39
minGene 	-1.0
maxGene 	1.0
popSize 	40
maxEvaluations 	20000
mutateRate 	0.5
mutateChange 	0.1
seed 	1554398058598
random 	java.util.Random@685e9c57
neuralNetworkClass 	class coursework.ExampleEvolutionaryAlgorithm
Training Set Training
Fitness 0.02904150034812524