0.5492610538297087,0.018096958516438222,0.4829216699926306,-0.04342219029072597,-0.9179854438507304,-1.0289658784360116,0.75987314876041,-0.1989119058579899,-0.13262951870587092,0.990472099656369,0.9773253135882851,-0.5844631222137741,-0.23563637640626056,-0.9088544645323238,0.6051545953937056,-0.8393654001113997,-0.7946820029236366,0.15342359836236474,0.1970529760972083,-0.19767823139023732,-1.183635530952318,-0.22355796016849,-0.03738064594979029,0.3099705596390469,0.999250798157675,-0.8218237761453135,-0.5627996537765401,0.35756351232277955,-0.4521531182456518,-1.2442022779564632,0.8066710061583675,-0.96095646524249,0.8309474728246131,0.03098417715230728,0.3337982145581974,-0.4983928064424014,0.8936811054279237,-0.9213182471290531,-0.6152172643981084
numHidden 	4
numGenes 	39
minGene 	-1.0
maxGene 	1.0
popSize 	80
maxEvaluations 	20000
mutateRate 	0.2
mutateChange 	0.2
seed 	1554665004026
random 	java.util.Random@2ceaf984
neuralNetworkClass 	class coursework.ExampleEvolutionaryAlgorithm
Training Set Training
Fitness 0.012558775357037706