-0.9310795919080826,-0.5687534477748847,-0.17739723246595024,-1.10422588368036,0.1289040211845522,0.1768781935212677,0.8874653485770169,0.9095782567100412,0.10167895323800231,0.9181623050861262,0.27853375085414817,0.523057989179473,-0.2525327379153973,0.1266153754438683,-0.3744748390981778,0.5358978702418045,0.376774189068657,0.7790670445403068,-1.1327005714599991,0.38055870465536124,-0.19418318557923042,-0.3703168419946151,0.12778079960676147,-0.7305021572715222,-1.0870648169897497,0.820996784029293,-0.3111201486409895,0.806290991711974,-0.6660228807378897,-0.9807764144670785,0.8206317244585706,-0.3202784286091042,0.42472536689987,-0.30265992942645686,0.2000970405899437,0.6493546329122113,0.15101365459909882,0.07010733089553346,0.4043984617989147
numHidden 	4
numGenes 	39
minGene 	-1.0
maxGene 	1.0
popSize 	40
maxEvaluations 	20000
mutateRate 	0.5
mutateChange 	0.08
seed 	1554303866169
random 	java.util.Random@43620938
neuralNetworkClass 	class coursework.ExampleEvolutionaryAlgorithm
Training Set Training
Fitness 0.06415125640408935