0.11794453992990855,-0.13147424855539047,0.07398629589028499,0.9595310569691403,0.35033230453679187,0.8656281038171333,0.5396206132445387,-0.8063908145645318,0.8099950873251355,0.5720649146919736,-0.6134034405774519,0.7041878479667774,0.3230944053555519,0.468738535809456,0.812230140551565,-0.02645480705518785,-0.31292831430636525,0.7408195269113148,-0.3002439618620152,0.5875876107208029,-0.331745681560463,0.7721095397192387,-0.3282980269639447,-0.24599868478699946,0.34993005929769505,-0.16117281711218565,0.5030890567458969,0.6554027385298108,0.7539983327793293,0.48539594936337627,0.27166658211032935,-0.19926651433060813,0.7831343625611954,0.6667685764209579,-1.172530227101242,-0.1286529160058277,-0.08326964796706704,0.6062746411258919,-0.06843424656780234
numHidden 	4
numGenes 	39
minGene 	-1.0
maxGene 	1.0
popSize 	40
maxEvaluations 	20000
mutateRate 	0.5
mutateChange 	0.1
seed 	1554398169428
random 	java.util.Random@128a444f
neuralNetworkClass 	class coursework.ExampleEvolutionaryAlgorithm
Training Set Training
Fitness 0.10591555156807214