-0.7745147391591162,0.6887300487637082,0.7607540640990212,0.26619706501986307,0.0786426049671185,0.21575799133111673,-0.9336024750694079,0.008111129260700012,-1.1170165793691988,0.4278480435376758,-0.7695093213119418,0.49377926085031887,0.7627495627861788,-1.0110102096681595,-0.8375174202699138,0.48497179419737446,0.6705823245562395,0.19709952500889794,-1.0397470079210467,0.41856935251793703,0.358945148762969,0.581490352290495,-0.31736349917277473,-0.021909576646890416,-0.18329396467047143,-0.6107286761295275,0.2783028512173339,-0.12448782568755945,0.3758714070874113,-0.41384313827750785,0.6977449142040949,0.6534348790559241,0.7951049659133628,0.46943276648612076,-0.3569856485486397,0.8461572361099485,0.6008055748451814,-0.844408515145545,-0.20976254692324992,0.1792454727748316,0.8531588703939561,-1.1375860485611664,-0.5871667786658041,0.24069370134448564,0.7837171294038595,0.055041535142483444,0.13874680474259982,0.8227896345638022
numHidden 	5
numGenes 	48
minGene 	-1.0
maxGene 	1.0
popSize 	200
maxEvaluations 	20000
mutateRate 	0.5
mutateChange 	0.12
seed 	1554578711141
random 	java.util.Random@76fb509a
neuralNetworkClass 	class coursework.ExampleEvolutionaryAlgorithm
Training Set Training
Fitness 0.01737096071531768