0.6429119349941883,-0.10647054377442278,0.2975042347271738,-0.5404799282929342,0.5701230948630167,-1.116217959587348,0.2265450071243777,-0.02374330906402017,0.7326650743766305,-0.23788379591226694,-0.46758516930575017,0.5318193238048381,0.5642809421351878,-1.0492890007206372,0.949758807602934,0.16141454939583888,-0.038700135259309654,0.3255658678141599,-1.2752918106253237,-0.540019977191359,0.6709587859225405,-0.13130221539830733,-0.3042479317058439,-0.9196367334414879,0.5137409550171661,-1.224889617930829,-1.0585311495418464,-0.28708527045827426,-1.2269070891936247,-1.1762242111522438,-0.17835628077894583,-0.3620386747002963,0.11283517829469536,-0.3480525034002374,-0.6034995570599537,-0.64604344589084,-0.6279656296570412,-0.1352982289039082,-0.07051983839014275
numHidden 	4
numGenes 	39
minGene 	-1.0
maxGene 	1.0
popSize 	80
maxEvaluations 	20000
mutateRate 	0.2
mutateChange 	0.2
seed 	1554661143974
random 	java.util.Random@7274b9a2
neuralNetworkClass 	class coursework.ExampleEvolutionaryAlgorithm
Training Set Training
Fitness 0.05521065850326972