-0.17804904062494742,-0.14097271660482347,0.06866185544898062,-0.7012924985660476,-0.9299619705504322,-0.8347915364783522,-0.0490315975819714,0.5233398166943654,-0.16703536924630702,-0.035167964480803726,0.4734531737330755,-0.23732069361261876,-1.1901515285371453,-0.6644088180254318,0.15111924211586947,-0.09087713290625732,-0.1145194849986656,-0.24123974862756437,0.46529236198210433,0.23691629718429497,0.20242743044867784,-0.9932238528621725,-0.9962656591936211,-0.4212091036364439,0.032476405948440146,0.9991892994468936,-1.215280882311355,0.8442321190545248,-0.9422230252723615,-1.0995957175838682,0.5904652871474826,0.15190243009448534,0.49273661590034334,-1.2135418408137237,0.8672708055749002,0.5038184514895614,0.6609305144677861,-0.9155857063431186,-0.11585038139107062
numHidden 	4
numGenes 	39
minGene 	-1.0
maxGene 	1.0
popSize 	40
maxEvaluations 	20000
mutateRate 	0.5
mutateChange 	0.12
seed 	1554574822722
random 	java.util.Random@685e9c57
neuralNetworkClass 	class coursework.ExampleEvolutionaryAlgorithm
Training Set Training
Fitness 0.022062629933229952