-0.6875341705158529,-0.9383642438245483,0.10874323196462088,-0.9961997020215274,-0.8297102689977571,-0.9265299246870624,0.9235487202434189,-0.946685448853227,0.3759338499057543,0.9628548727054329,0.9671214955591867,0.5300429656591101,0.9481655997167955,0.7470500070331492,-0.8833271211353633,-0.23543760772622568,0.6114976026526244,0.8435204948016968,0.7300361427737576,0.9723118941043534,0.968842037937137,-0.9761598837386571,0.9733931573233687,0.5118797811304105,-0.19033580577403453,0.8775275295056775,0.15226306883774532,0.061891586154017464,-0.6217913217470892,-0.12898550763953365,0.9061687066358259,-0.3664898207649745,-0.26668148357697086,0.9576196739516596,-0.14049725344175257,-0.4135792180521787,-0.7701148818196706,0.4619046264160651,0.244974262543445
numHidden 	4
numGenes 	39
minGene 	-1.0
maxGene 	1.0
popSize 	30
maxEvaluations 	20000
mutateRate 	0.0
mutateChange 	0.08
seed 	1554225806575
random 	java.util.Random@1c166344
neuralNetworkClass 	class coursework.ExampleEvolutionaryAlgorithm
Training Set Training
Fitness 0.1511481472884225