0.7291906670640607,0.490693927824158,-0.8594123093015165,-0.04843560128377855,0.8806836439837529,0.8375926291154903,-0.6093432983532279,0.7130066792808665,-0.6227118046999043,-0.5958165415721945,0.9737639549718702,-0.4471238932166999,0.7881169740322973,-0.1796386976144222,0.04790252748930368,0.9510392877639218,0.13488833010454893,0.7488420322913965,0.8270146853328972,-0.36659409320200065,0.08979063305458901,0.020852541939992975,0.7255876502314516,0.5699599424316402,-0.10910478584637806,0.0014292598963614456,-0.5465118608369062,-0.41681024219593144,-0.249754112508632,0.40437528438467574,-0.07119783136916857,-0.27447187824036545,0.35120880796229037,-0.3938495961623891,0.5394648407496259,-0.8367941554996645,-0.6207179698639951,0.7317204389269207,0.8360562173753412,0.768534617432427,0.6137804010854848,0.5419770137641655,0.5138905252047159,-0.7222978362738093,0.027097589348583195,-0.3681326285041433,0.8738090915565064,-0.022676195759091522
numHidden 	5
numGenes 	48
minGene 	-1.0
maxGene 	1.0
popSize 	200
maxEvaluations 	20000
mutateRate 	0.0
mutateChange 	0.02
seed 	1554145425643
random 	java.util.Random@76fb509a
neuralNetworkClass 	class coursework.ExampleEvolutionaryAlgorithm
Training Set Training
Fitness 0.0884437300451675