-0.9387497544030606,0.6545500392812952,-0.3620079406604998,-0.6214850050175795,0.9793989848984929,0.7690575275254051,0.7764939606451222,-0.8694730799184491,-0.5257221000211711,-0.6292320097616639,-0.1857137542022792,-0.13393697325228432,0.7407463652608679,0.16090972058726166,0.8425887656929479,-0.5650046651056116,-0.24964249504329605,0.6944521032079825,0.16091506803752004,0.4725503360266076,-0.42961797787070183,0.4936654717272509,-0.3701157950852487,-0.3228375284478498,-0.9214594121638752,0.8445390694614385,0.19910212135151373,-1.1502246980619566,0.37539003682536765,-0.35838520174019084,-0.29493325372199103,0.2659695678132365,0.5404506287221884,-0.5784371377485508,-0.2955589387155571,-1.0966870871976495,0.5548005625004379,0.113088493910751,0.05092857752273795
numHidden 	4
numGenes 	39
minGene 	-1.0
maxGene 	1.0
popSize 	40
maxEvaluations 	20000
mutateRate 	0.5
mutateChange 	0.08
seed 	1554300287933
random 	java.util.Random@22221278
neuralNetworkClass 	class coursework.ExampleEvolutionaryAlgorithm
Training Set Training
Fitness 0.033559413653518645