0.09770959658368206,0.8206101079312709,-0.7946511486812842,0.1578500799068583,0.7769247311727527,-0.25996990212596094,-0.5682075635227231,-0.06270287274572128,0.28392292569269917,-0.8728568438796733,0.797938048897995,0.5395472079946684,0.8227546304206483,-0.3824069223793505,-0.9436831397053906,0.41637951893464087,0.24654026808187623,-0.8073758107545539,0.2783239700036406,0.5539836245871277,-0.8928368376896281,-0.8417195858864748,0.8158540800591587,0.8083593848533184,-0.44865288441319584,-0.9291466903158401,0.7482138623024082,-0.4421823218963461,0.551085257937814,0.4012313457853658,0.8005798017165813,0.9507345511604863,0.42362107452048203,0.35664833062534207,0.7847934501498299,-0.4928570159144643,0.5339079480664921,0.5528981634092534,0.805392341429924
numHidden 	4
numGenes 	39
minGene 	-1.0
maxGene 	1.0
popSize 	30
maxEvaluations 	20000
mutateRate 	0.0
mutateChange 	0.08
seed 	1554225181940
random 	java.util.Random@1c166344
neuralNetworkClass 	class coursework.ExampleEvolutionaryAlgorithm
Training Set Training
Fitness 0.141617522385893