0.6134658854455324,0.5677204559534614,0.1756886511405853,-0.510468420805958,-0.8441495957279981,-0.23772496820132738,-0.8715473434613596,0.4070734502475011,-0.3813086106788284,0.06185071216807336,0.8185447478487833,0.052726327214279056,0.37593104820873524,-0.30455442978615177,-0.2734223617966207,0.8344547515703065,-0.5356111277812547,0.4885869550710993,0.035661333415346386,-0.8466764069159194,0.7166558979819415,0.4090003151265007,-0.9979765441046193,-0.7805370873627431,-0.6868060965686884,0.04490292145159036,0.03924752564401879,0.8719313349892319,0.2925358295703149,-0.1318677526420846,0.6550675003800801,-0.3741783290016123,0.2779560797390559,0.5043271278652841,-0.4012138734565025,-0.7862275800108558,0.48405547792713377,-0.8743295347559306,0.27789134443281305,-0.13764634110585572,-0.0025766526360833097,-0.08162918920847484,-0.7256204839870992,0.47219896173043696,0.19670428153258968,-0.5300745824988862,0.6033994866834707,-0.1328027443825126
numHidden 	5
numGenes 	48
minGene 	-1.0
maxGene 	1.0
popSize 	200
maxEvaluations 	20000
mutateRate 	0.0
mutateChange 	0.02
seed 	1554145526876
random 	java.util.Random@76fb509a
neuralNetworkClass 	class coursework.ExampleEvolutionaryAlgorithm
Training Set Training
Fitness 0.0499247780980668