0.021310335424569365,0.5676076671738587,0.31821090684373887,-0.5727939666130915,-0.8225653034295539,-1.0713178945126824,-0.5502188983027566,0.3360414664687647,0.18957989991254964,-0.28985338209688943,0.6981234151744473,-0.7635213851115302,0.12832908635247575,-1.0992556050804232,0.6267312357619339,-1.1467954946919503,-0.07787536611772385,0.9282934695275904,-0.5431876067276464,0.9116526937853189,-0.10035515202481367,-0.8115805870344486,0.11433199144621294,0.12209453978787156,-1.0324319067750736,-0.7986263612538544,-0.7937180829614479,-0.7669520674516533,0.8000164170053451,-1.0662041157917002,0.49250792429802953,-0.5350368157617854,-0.41332738385431367,0.906106590761171,0.5813772490346206,-1.0797761696030057,0.019769031386136865,0.17254342401331502,-0.537975312954919
numHidden 	4
numGenes 	39
minGene 	-1.0
maxGene 	1.0
popSize 	40
maxEvaluations 	20000
mutateRate 	0.5
mutateChange 	0.08
seed 	1554300629130
random 	java.util.Random@26500ce7
neuralNetworkClass 	class coursework.ExampleEvolutionaryAlgorithm
Training Set Training
Fitness 0.11387825173180485