0.42711526002220523,0.8465319202033236,-0.6726518115640239,-0.5306993444421767,-1.0071207038502257,0.2384570425699769,0.21086417490562548,0.9935395519176589,0.9844764812948987,0.5565810653355643,0.8125541090510546,0.5191032615799294,0.8783146875092046,-0.4347690627327816,-0.27616385182617575,0.5866677302120649,-0.03590376148139052,-0.4299572413055254,0.8955691072023397,0.865578430876098,-0.22586036439721646,-0.18427149757513617,-1.2188767929598812,-0.22778425264655744,0.4414205015803566,-0.1201600541511858,-0.14750291108737068,-1.0231415576187604,-0.5335881223427863,0.7572394909925515,-0.8697743549859526,-1.1765177124928758,0.2547577172128125,0.6150657689524377,-0.818972912411317,0.2332570224062842,-0.04773346147276125,0.18555890522861052,0.2928388579616453,-0.44866522585035984,0.55066475479196,0.6941902054926604,0.6350978549355439,0.6678498379144702,0.007003489278815889,0.2131176381926907,-0.40717903479034045,0.4778783663836432
numHidden 	5
numGenes 	48
minGene 	-1.0
maxGene 	1.0
popSize 	200
maxEvaluations 	20000
mutateRate 	0.5
mutateChange 	0.12
seed 	1554582832728
random 	java.util.Random@76fb509a
neuralNetworkClass 	class coursework.ExampleEvolutionaryAlgorithm
Training Set Training
Fitness 0.09929069394923083