-0.49859008380079417,0.5940978728166013,-0.8180861895539213,0.2637007525939018,0.013471919544184807,0.5897116101707103,0.21249437433824458,0.6441302621876979,-1.1247469378529185,-0.8465320437928849,-0.9149659682026386,0.2513838076302012,-0.7672390727333525,-0.17180533887169458,-0.5966508416813799,-0.28882916859192687,-0.3163457641065538,-0.4895409458246003,-1.1556441704364802,-0.17911937106021225,-0.8127611280856876,-0.694871480045609,0.7571114375948458,0.47066940288603254,0.556298347725806,-0.27115841978751587,-0.1522112359531026,-0.6656381449658705,-0.13454118807417392,0.037108102795827325,-1.0626474026359456,0.6722702346476936,-0.2819467955707172,0.9726492739666737,-0.5977759855856356,0.2571724013892849,-1.106784043669994,0.10797728421774944,0.7042344254913132,0.5363328710654626,0.367204956974308,-1.0168938020154537,0.42468560778234643,0.39659106284824597,0.06771265052166509,-0.740324908498138,0.11834847101583834,0.18618021958510922
numHidden 	5
numGenes 	48
minGene 	-1.0
maxGene 	1.0
popSize 	200
maxEvaluations 	20000
mutateRate 	0.5
mutateChange 	0.12
seed 	1554583442463
random 	java.util.Random@76fb509a
neuralNetworkClass 	class coursework.ExampleEvolutionaryAlgorithm
Training Set Training
Fitness 0.027799086495988234