-0.7462581882632842,0.4786084046363989,0.5493267056270104,0.48391464527084355,0.17561119788933405,0.8851111775374834,0.6696541276952492,0.5835784231090566,-0.4276724357226915,-0.6205664436520781,0.462783247399483,0.07061488107122876,0.058464542423510235,0.7685240342086519,0.8783793621436888,-0.7590552028708564,-0.5631799368261977,0.23514728373493804,-0.13152758890948724,-0.4115911930364557,0.05615496936236514,-0.21247040196389255,-0.03220240552313547,0.8874345136146133,-0.80553913009539,0.7420188375447514,0.257238698273749,-0.9553382879213304,0.7150335514841011,0.6341807537481163,0.11097257395619231,-1.2864193677495044,0.5523960878816196,-0.12085466270894418,-0.106072044494466,-0.9021209279349953,-0.09261907785207185,0.13990608203046556,0.7546888610858291
numHidden 	4
numGenes 	39
minGene 	-1.0
maxGene 	1.0
popSize 	80
maxEvaluations 	20000
mutateRate 	0.2
mutateChange 	0.2
seed 	1554663595625
random 	java.util.Random@685e9c57
neuralNetworkClass 	class coursework.ExampleEvolutionaryAlgorithm
Training Set Training
Fitness 0.008941108203204392