0.37259147549838534,0.1946846379989151,-1.214770762584315,0.7362239354580616,-0.8636715838530227,0.2022966437268222,-1.195984607823155,-0.31429182409825507,0.20652395957424285,0.31384089254637715,0.8698057653225679,0.008101858884867918,0.25645120754919726,0.6927107733941477,-0.8554264486021188,0.3532056498695717,-1.199078824570973,-0.40930447508429535,0.3787445506089372,-1.095766597287812,-0.38800516725410394,-0.10452356507847149,0.223664374954488,-0.18193245620058052,-0.2458685558871101,-0.7238266058904407,0.10813716820940977,-0.5641347783067912,0.005641127589327888,-0.09070227057114111,-0.66233884572198,-0.29905714854716314,-0.7250501507269957,0.01973275386660267,-0.11712265049104975,-0.9506204651810887,-0.10567446064163732,0.21612965978252474,0.08413784289438764,0.9197978536437338,-0.6996448173430617,0.19737089780753714,-0.8280085117543368,0.8022945650230409,0.06960305589886762,-0.5834796558967308,-0.031225643613257525,-0.34748946234747136
numHidden 	5
numGenes 	48
minGene 	-1.0
maxGene 	1.0
popSize 	200
maxEvaluations 	20000
mutateRate 	0.5
mutateChange 	0.12
seed 	1554581636133
random 	java.util.Random@76fb509a
neuralNetworkClass 	class coursework.ExampleEvolutionaryAlgorithm
Training Set Training
Fitness 0.015622797375238778