0.5713525620861136,-0.4702348209817756,0.7451283385067696,-0.48710775174746923,-0.6957739840241394,-0.4089150276912822,0.7654118779935544,0.9520353737610768,0.06559813314816065,0.8306803911031677,0.6506604434172907,-0.5492491780198897,0.45506442708296313,-0.26033880149495603,0.6222457690257229,0.6795847298532809,-0.15309014790386777,-0.8384536579070099,-1.0339041728513974,-0.6360579350649658,0.09606475673184767,0.12026784354621567,0.35815172410279483,0.4424574656571503,0.05124240899471977,-0.7732002882544531,-1.1746719600234292,-1.0791229797175113,-0.5152669000198474,0.07554682953335778,0.8974275365999068,-0.8198748641638407,0.8259082840355697,-1.1526670648964572,-0.6157094642179985,0.6941842290994187,0.1655653957665265,0.1440280887108164,-0.6062132922733289
numHidden 	4
numGenes 	39
minGene 	-1.0
maxGene 	1.0
popSize 	40
maxEvaluations 	20000
mutateRate 	0.5
mutateChange 	0.12
seed 	1554575305268
random 	java.util.Random@541def48
neuralNetworkClass 	class coursework.ExampleEvolutionaryAlgorithm
Training Set Training
Fitness 0.046916665600336915