-0.12872390124248473,0.28113551317234564,-0.4926534595017713,0.05419493306467678,-0.1940153832990142,-0.9141923189005918,0.6022536141021955,0.28660436619069823,0.4162667911804676,-0.6381251538697792,-0.15994603143387826,0.3772057931717745,0.8814239759205499,-0.2645536173130047,-0.3455087884699815,0.5507992431791293,-0.6727441149681054,-0.19072645672783156,-0.918367481619236,-0.15969014286854843,-0.30075688503415976,-0.9760628522781534,0.7307240601895475,-0.2552053152808511,-0.6133793062364572,0.4724418025949615,0.34479814895007116,-0.6715330591567332,-0.6561647463714069,-0.09197686311236164,0.0680963157425758,0.8512813571300937,0.6945309438429523,0.6082201537156722,-0.33120918898373386,0.020157572459548412,0.7674755544749225,-0.07677343540242498,-0.25370048413719326
numHidden 	4
numGenes 	39
minGene 	-1.0
maxGene 	1.0
popSize 	60
maxEvaluations 	20000
mutateRate 	0.05
mutateChange 	0.08
seed 	1554231910965
random 	java.util.Random@20734173
neuralNetworkClass 	class coursework.ExampleEvolutionaryAlgorithm
Training Set Training
Fitness 0.13121187221099462