-0.12702721309412807,-0.6538930942443631,-0.06321083609878843,-0.18203908932629298,0.9970313500823268,-0.1737679017458454,0.7733512325960726,-0.32556554460427084,-0.238017516073185,0.31519857860625566,0.8330809571170835,-0.3855714209802673,0.9800233929295982,0.3711803628176079,-0.8471308940223494,0.2597637360160099,-0.45430754124653766,-0.8746095291317688,0.6918378999616543,-0.21970330330318943,0.37053607316235426,-0.975012346624336,0.8322047060382853,0.47166547117315877,-1.0711576557746707,0.4678333942323199,0.7421613197660282,-1.1573986649170886,-0.9612988748396828,0.18267652936700352,0.22256674532452125,-0.5730145493946848,-0.11164591717229934,0.5471698228197214,-0.20379300288338698,-0.36409290950954104,0.7460014391801371,0.8374515979011556,-0.06217295697037141
numHidden 	4
numGenes 	39
minGene 	-1.0
maxGene 	1.0
popSize 	40
maxEvaluations 	20000
mutateRate 	0.5
mutateChange 	0.08
seed 	1554302810528
random 	java.util.Random@5e9a328e
neuralNetworkClass 	class coursework.ExampleEvolutionaryAlgorithm
Training Set Training
Fitness 0.1265796171711807