-0.12283046165976275,-1.1874991289529038,-0.17207294894968517,-0.33729692815878465,0.5539361608672884,0.610223704453567,-0.8538803683209808,-1.0865609057666687,-0.6621334868028396,-0.13657596149053086,-0.16147511161415895,-0.3422450823846718,0.18309518081647436,0.5960586173937655,-0.018865332781015653,-1.1786895387962821,-0.10425868091359225,0.28912629081749996,-0.9867795665919724,0.03541981054596888,0.7444837610918584,0.03776622751936631,0.4204603379691608,0.025824758098113798,-0.28285607011330793,6.821537383164822E-4,0.6239392482047391,-0.6273089880480327,0.7655264835326135,0.034236459787779006,-1.0223781412154085,-0.8489125894418026,0.05709268801138612,0.018015922781880467,0.05447659485381462,-0.773089128609328,0.030872716256752808,-0.4043808037943777,-0.41849234796577595
numHidden 	4
numGenes 	39
minGene 	-1.0
maxGene 	1.0
popSize 	40
maxEvaluations 	20000
mutateRate 	0.2
mutateChange 	0.12
seed 	1554410920338
random 	java.util.Random@128a444f
neuralNetworkClass 	class coursework.ExampleEvolutionaryAlgorithm
Training Set Training
Fitness 0.03003884977848884