0.8281621973421627,-0.523540968269256,-0.6844013367550454,0.02022893886212307,0.9051424981048666,-0.2588736263933147,-0.06864924056924848,0.39825344906871885,-0.7860502740872473,-0.16587951770111253,-0.30415843596322856,0.1996728768465894,-0.05801863498455884,0.34453585406023124,0.5021615451746353,0.23146064616037076,0.7871709986158908,0.41155525353880185,0.01069320445857036,-0.9108305508786418,0.26799220186448225,-0.5900889422266711,-0.9679310408388355,0.7446862696404624,0.9932967966990498,-0.21704547663163476,0.39129994209639274,-0.10838766343864292,0.9023982407869924,-0.9050291833472603,-0.9883022618955493,0.142504953050701,0.6507022284526629,-0.4660972592414141,-0.3390164059331988,0.7299611727576911,0.5726869564692898,0.900080919844221,-0.5244524128041792
numHidden 	4
numGenes 	39
minGene 	-1.0
maxGene 	1.0
popSize 	60
maxEvaluations 	20000
mutateRate 	0.0
mutateChange 	0.02
seed 	1554222773287
random 	java.util.Random@77c3d85f
neuralNetworkClass 	class coursework.ExampleEvolutionaryAlgorithm
Training Set Training
Fitness 0.13008930319951087