-1.1606961181708744,0.7802171923017769,-0.9463051658657782,-0.4850408035393308,-0.5123959929515867,-0.3540603161986772,-1.022435600697008,-0.4616652283466622,-1.3051872412340781,-0.3828149408117176,-0.06731708831681699,0.7231912031002496,-0.10189553352373426,-1.3539067595534682,-0.4989642169860005,0.7910941255647361,0.24393877819367082,-0.30562753147082805,0.07248673125933586,0.6614105011482594,0.06522545592510659,-0.14609793267860716,-0.07322445843862063,0.05092181744446217,-1.0744928077377591,0.767595446313601,0.30783235980286733,-0.4042755733771322,0.7589794221433508,-1.342043317628669,0.002236244815342181,0.9186721762592498,-1.320690371228898,0.5055306173870193,-0.2159622408185019,-0.24336965476917272,-0.21314183987416924,0.1667120746060068,-0.3489445633337918
numHidden 	4
numGenes 	39
minGene 	-1.0
maxGene 	1.0
popSize 	80
maxEvaluations 	20000
mutateRate 	0.3
mutateChange 	0.2
seed 	1554666454910
random 	java.util.Random@7274b9a2
neuralNetworkClass 	class coursework.ExampleEvolutionaryAlgorithm
Training Set Training
Fitness 0.008762500667244365