-0.19609479466580038,0.5318300370913662,0.6821019925885312,0.5452792155813841,0.2834146142035546,-0.6947575485374535,0.7076056624328964,0.856657453328308,-1.315743848367774,0.9413115767932394,-0.9217080208441835,-0.2151442386446908,-0.6663895029245614,-0.7424092936891049,-0.7409791079129451,0.8388302300787422,-0.0170089460763313,-0.010867143205110896,-0.683571510326985,0.2693646455229043,-0.7430757733454512,-0.2029549149301918,0.7908284346340737,-0.038367956846185325,-0.9952842413889345,0.6004559580432327,-0.7349958834018067,0.741312670177483,-1.2202709326385364,-0.6720947416083911,-1.3079869003772557,-0.15171574117057063,-0.5008830107832231,0.9783037757368647,-0.27110908289736957,0.5322917140015173,0.1779654964143757,0.188253869843807,-0.27959287744008193
numHidden 	4
numGenes 	39
minGene 	-1.0
maxGene 	1.0
popSize 	80
maxEvaluations 	20000
mutateRate 	0.2
mutateChange 	0.2
seed 	1554660883103
random 	java.util.Random@20734173
neuralNetworkClass 	class coursework.ExampleEvolutionaryAlgorithm
Training Set Training
Fitness 0.011071724686706476