0.514450533266176,0.4950449391941195,-0.46211178908451467,0.2554047967413525,0.622508197202823,-0.623819586003052,-1.1126204632505807,-0.47049470999906984,0.5685357811815107,-0.6580375775101391,-0.7938042950496091,-0.22540632091003665,-0.6147970342858389,-1.181349750121195,0.3336112342129821,-0.9434612026367227,-0.886329871996634,-0.2810164824794441,0.7973564585946241,0.5822490828062749,0.21074563812692249,0.812173516356429,0.3348855770781207,-0.7051721075058922,0.853621241248563,0.618174093710917,-0.05952401873566471,-0.8322824754391942,-0.1120706521380247,-0.6043316326379635,-0.9348082614428607,-0.7973814951300545,-1.0619294780449464,0.5395358372990566,0.0011984778280511588,-0.756449463314193,-0.8255383205575668,-0.12760843279471268,-1.1911305787164173,0.32949865284717994,0.7305590327331112,0.8661181436825979,0.754575642115585,-0.9793334850460609,-0.17678658001887382,0.4831389623264787,0.83900708723802,0.26843737020326286
numHidden 	5
numGenes 	48
minGene 	-1.0
maxGene 	1.0
popSize 	200
maxEvaluations 	20000
mutateRate 	0.5
mutateChange 	0.12
seed 	1554576628516
random 	java.util.Random@76fb509a
neuralNetworkClass 	class coursework.ExampleEvolutionaryAlgorithm
Training Set Training
Fitness 0.06089452953509425