-0.014328218605124121,0.1229415540497023,-0.19298919128942482,-0.26029044998002027,-0.4051504940031374,0.1256747636967439,0.11383231505167468,-0.6050081099772997,-0.7413986201742635,0.390017670510304,-0.7291113830278082,0.08630941175308204,-0.11570532297751557,0.9721411815795551,-0.25335607534424986,-0.1450768001063374,-0.2729256166553553,0.1736266352776854,-0.08520279547404686,0.29854510555863234,-0.7478755058922828,0.2403220572792819,-0.15682472117278956,-0.1326654849984359,-0.724537722468372,-0.4132475639789819,0.4373790515377072,-0.0891129038646492,0.8133637216285814,0.518399945988925,0.4007667890272457,0.8441697293978638,0.06233818857241813,0.7810481618561431,0.7469964151591015,-0.4584277552190297,0.6840365242974182,0.9214976236690102,0.11761088054190827
numHidden 	4
numGenes 	39
minGene 	-1.0
maxGene 	1.0
popSize 	30
maxEvaluations 	20000
mutateRate 	0.0
mutateChange 	0.08
seed 	1554225472914
random 	java.util.Random@26ea013b
neuralNetworkClass 	class coursework.ExampleEvolutionaryAlgorithm
Training Set Training
Fitness 0.14001183351402538