-0.3232526890633246,0.8684979984062596,-0.7032572475703605,0.36012985512917317,0.7950124249041377,0.4654068137871321,-0.20229368801352374,-0.6436027089424807,-0.19374523028824633,0.6457834146791207,-0.2655927545926785,0.04682158371731934,0.8997884343991013,-0.839133533773789,0.30849204819250786,-0.9533879983924615,-0.24607715610419498,0.6992659529778034,0.6252212812943149,-0.0953451296154339,-0.15720126457420222,0.6800228708694899,-0.2283335475730834,-0.2264430232982703,-0.12349893520137661,-0.47179656393663494,0.9511393136132007,-0.16184220141292835,0.8610818157190047,-0.489224334864122,-0.33150616581583436,-0.9789225648271965,-0.6407333043902586,0.09527939866147977,0.7613336578209658,-1.0751168347130111,0.13926063823232332,0.7910684918273457,-0.014953561173492474
numHidden 	4
numGenes 	39
minGene 	-1.0
maxGene 	1.0
popSize 	40
maxEvaluations 	20000
mutateRate 	0.5
mutateChange 	0.1
seed 	1554397718799
random 	java.util.Random@685e9c57
neuralNetworkClass 	class coursework.ExampleEvolutionaryAlgorithm
Training Set Training
Fitness 0.11044025247266373