-0.183489095463861,0.8395520689538873,0.8385322442929481,-0.8941833136487749,0.5484890381069887,-1.277095276887613,0.6934305563277703,0.6808434274938195,0.059211712282448536,0.37695108721699394,0.26866026079706207,-0.2526844892353082,-0.47045858831336734,-1.35606904349901,0.8015737822219815,-0.3775002053038949,0.32035753971957676,0.5383378233225274,0.0569700395209341,-0.06678543263989628,0.9555595056348853,-0.37468245354768354,-0.3658346032383501,0.03512487293189065,0.6191021420575662,0.29531660339327204,-0.22029536065396793,0.16271729909143273,-1.2865607915589716,-1.1093435873664854,0.9829705981236725,0.4033266878973302,0.5146407586584576,-0.731774387151183,-0.37390945817410265,0.3733505471847773,-0.04015899098364989,0.023497743578814678,-0.1338202564433747
numHidden 	4
numGenes 	39
minGene 	-1.0
maxGene 	1.0
popSize 	80
maxEvaluations 	20000
mutateRate 	0.2
mutateChange 	0.2
seed 	1554662726833
random 	java.util.Random@27b77b56
neuralNetworkClass 	class coursework.ExampleEvolutionaryAlgorithm
Training Set Training
Fitness 0.04004085777681972