-0.9124955673381295,-0.7087594787296093,-0.23782130318006797,0.702033107241923,0.22584543835568868,-0.23935097465266428,0.9558642893320948,0.8049461720945763,-0.36316404737692476,0.39308715398048133,-0.006222467051434366,-0.06422767351337733,0.00773647590891044,-0.6325690479621385,0.8929475467029362,0.3643224431959746,0.42614620138999804,0.598994344081554,-0.39539419390849706,-0.41110767468104426,0.5561148685695952,-0.9971315110366791,-0.36172069531232065,0.5202419462801802,0.9985091528929343,-0.4426952986054805,0.07495766748949151,-0.00569333389607643,-0.5572643472719024,0.20408700905840174,-0.10042170134892431,-0.9679885389423849,0.620051318418698,-0.13026768720241952,0.8845611327394933,0.5199399867653935,0.23809358638942604,-0.0751501851802383,-0.1583364878139669
numHidden 	4
numGenes 	39
minGene 	-1.0
maxGene 	1.0
popSize 	60
maxEvaluations 	20000
mutateRate 	0.5
mutateChange 	0.1
seed 	1554137359563
random 	java.util.Random@63eae5c5
neuralNetworkClass 	class coursework.ExampleEvolutionaryAlgorithm
Training Set Training
Fitness 0.12675254887376078