0.39550349558614795,-1.0784293937972156,-1.0770526930876017,0.18834545071655506,-0.8974323008772315,0.590386112489292,0.7279579288616447,0.4176747571176961,-0.42644405279917685,-0.6772542472374049,0.45867699500976744,-0.5090141426807744,-1.2045686723342306,0.8626169193090291,-1.1734259418792519,0.2008039895736735,-1.0132798007296167,0.7061020479767206,0.5724182992833783,0.07637061123910904,-1.0181760405752125,-0.27250656261057016,-0.18208365397369575,-0.7058706515308008,-0.7286267943634858,0.23792876260312767,-0.5423726759614296,-0.353927372199636,0.20078467521006704,0.09476476681487767,-0.8452392427259547,-0.46417582390309464,0.645197454763996,0.0014274080992479066,-0.16327142326368171,0.10022352188322692,0.38748014262192887,0.5716372791247191,0.9310890611116,-1.085430332001243,-0.8529833483229308,0.11855006204247487,0.7397849430016112,0.932570504221306,-0.45950627259415167,0.3884921447659091,0.3993447921664268,0.13743681897127902
numHidden 	5
numGenes 	48
minGene 	-1.0
maxGene 	1.0
popSize 	200
maxEvaluations 	20000
mutateRate 	0.5
mutateChange 	0.12
seed 	1554571160691
random 	java.util.Random@76fb509a
neuralNetworkClass 	class coursework.ExampleEvolutionaryAlgorithm
Training Set Training
Fitness 0.08389398913071407