0.4057370953329253,-0.8689773937003344,-0.19809424920144636,0.8453784140421942,-0.9715956747487797,-0.3145025250828697,0.47433476963889243,0.031199867876509968,0.8269188161376153,0.2551113652646328,-0.06125066563591908,-0.3915123444591222,0.42936119762835756,-0.3429593006183644,0.9308625848876828,0.12511258279618964,0.8663737649741303,0.8592708164626695,-0.865069484351519,-0.5725212743518187,-0.19765460040381888,0.29768263649017923,0.23416863331213844,0.09581939455567223,0.7090418468266231,0.3231144582646601,-0.1901745690529537,-0.23762242217385826,0.9252159369444473,-0.3961732858933489,-0.6747961435217957,0.5955099826863057,0.8595008853504944,-0.3052714611468226,-0.9888509514100357,-0.23311136845001612,0.5369825494074856,0.494615931327893,0.24357674818992336
numHidden 	4
numGenes 	39
minGene 	-1.0
maxGene 	1.0
popSize 	60
maxEvaluations 	20000
mutateRate 	0.05
mutateChange 	0.08
seed 	1554227865202
random 	java.util.Random@1c166344
neuralNetworkClass 	class coursework.ExampleEvolutionaryAlgorithm
Training Set Training
Fitness 0.123618739195449