0.8918934065597302,0.534367995674073,-0.46239834548794956,-0.42569728247559946,0.704953787294272,0.6552305133940928,0.863582284946476,-0.1432257075146971,0.8240234636998409,-1.1666624720650338,0.11681295442291528,-0.6272260775772149,0.9548350903714535,-0.48572390214961625,0.8024659105984386,0.03851865560198464,-0.19023616178610958,-0.9823388247062745,0.020658547813967698,-0.9420611748432949,0.015219109067506453,-1.2091788066843359,0.1533505684072367,-0.7210701954360424,0.9376279928973961,-0.969849091628778,0.5846292823328164,-0.5110086916466959,0.2165290437539582,0.5507783747926704,-0.9014344567597086,-0.20437300702551497,0.9852472257937397,0.7802716505736377,0.762024720316514,0.25320698505347816,0.19407435247979166,0.7296877207619208,0.42552191673572215
numHidden 	4
numGenes 	39
minGene 	-1.0
maxGene 	1.0
popSize 	80
maxEvaluations 	20000
mutateRate 	0.5
mutateChange 	0.12
seed 	1554656357878
random 	java.util.Random@3201ada4
neuralNetworkClass 	class coursework.ExampleEvolutionaryAlgorithm
Training Set Training
Fitness 0.03561996715680487