-0.8978630505862577,0.7275816111973231,-1.0802795629206712,-0.38267875015548536,-0.9996814295480277,-1.0576013464497256,-0.08427298426967685,-0.534062629355237,0.20783162109233771,0.039773610801489695,-1.1437755759857977,-0.7665759091025144,-0.7921462687695617,-0.5695286214157715,0.6227488851026209,-0.34835614894964895,0.6067383405175051,0.5230600339841194,0.4957987917602839,-0.27191079764843223,0.305434739010887,0.333375314800853,0.15174840763181818,-0.3436426706112914,-0.27068163426963954,-0.1630710920394678,-0.8733795971187656,0.9047851209622442,0.25569120750289553,-1.0471617048520723,-1.1164836093918065,-0.3865768920391637,-0.11608391970154493,-0.17331801910492445,-1.1225426753587233,0.2896041639676377,0.06135131274189855,0.9210139366424194,0.47084046390828954
numHidden 	4
numGenes 	39
minGene 	-1.0
maxGene 	1.0
popSize 	40
maxEvaluations 	20000
mutateRate 	0.5
mutateChange 	0.08
seed 	1554303866169
random 	java.util.Random@43620938
neuralNetworkClass 	class coursework.ExampleEvolutionaryAlgorithm
Training Set Training
Fitness 0.10700041404945547