-0.5612948772232016,0.31299744782604155,0.6052504109484692,-0.30311031808111677,-1.029387332892514,0.2708423393525179,-0.9120729888499906,0.9801533502689572,0.5197153024982564,0.8048367547934963,-0.8528357564637321,-0.6427706150256902,-0.6437760935302322,-0.8572270107685953,-0.7348331748393844,-0.3484260714522953,0.5705625506437768,0.06391860712015807,-0.17681387575257768,0.7473536468387633,0.8832715459674039,-0.28299497979652655,0.16065079983289188,-0.08137532027349503,-0.03133988529151055,-0.517411507789437,-0.6634201455068203,0.8169813373874337,-0.06568317938395873,-0.43344025114736473,0.6270753628282468,0.6043493507311166,-0.6553342804563196,-0.780446909828793,0.3059286240784418,0.3762516482559226,0.09194706632120275,-0.321506389280767,0.4359317099869555
numHidden 	4
numGenes 	39
minGene 	-1.0
maxGene 	1.0
popSize 	40
maxEvaluations 	20000
mutateRate 	0.05
mutateChange 	0.08
seed 	1554227646853
random 	java.util.Random@1c166344
neuralNetworkClass 	class coursework.ExampleEvolutionaryAlgorithm
Training Set Training
Fitness 0.0677798156409308