0.6599175825346526,-0.3904512762103767,-0.775633674725348,0.7196214238746952,-0.4901547512672415,0.8613242003089219,0.8764773599495248,-0.6901991736841953,-0.8037183021253675,0.9041062075010866,0.1622120670354601,0.2090799713707019,-0.4518972109306745,-0.36764425542302903,-0.5726252553308151,0.015606211380808643,0.5403741395097033,0.061435465231627795,-0.8530866718932182,-0.3993136955910044,-0.8632936027097513,0.7743833255767085,0.25438854636975683,-0.35637995876878104,-0.9840563071920141,0.5840025134788593,-0.560151803816592,-0.9608640687886274,0.3796823026000127,-0.18954661044758936,-0.19672724605926595,-0.4008803212538241,0.6076698281740345,0.4687970709591056,0.38702030616990224,0.6218812183806179,0.20804161173467595,0.7366539096877871,-0.3326356234859913,-0.5010438786683606,-0.22652505190390548,-0.8178471310870932,-0.7118050444913184,0.06116453152943202,0.2874741185831542,0.3963491638559029,0.9480308847791379,-0.013836078226787007
numHidden 	5
numGenes 	48
minGene 	-1.0
maxGene 	1.0
popSize 	200
maxEvaluations 	20000
mutateRate 	0.0
mutateChange 	0.02
seed 	1554144110567
random 	java.util.Random@76fb509a
neuralNetworkClass 	class coursework.ExampleEvolutionaryAlgorithm
Training Set Training
Fitness 0.09564663417487199