-0.1604846708615354,-0.6294483632356495,-0.9962557906613321,-1.2923640032861394,0.4503895227066676,0.1750284329415659,-1.2794208743554965,0.4885385669448276,-0.48529581994822263,0.12397540564524234,-0.037375666375001504,8.237918756116014E-4,-0.1735999387999465,0.7381290436980905,-0.8741244821456793,0.7943250598125382,0.16154904316646268,-0.8332491155855211,-0.006594549493548485,-0.5840745135154453,-0.11055567593739346,0.31812463500786076,0.28547952174217384,0.44249759489374657,0.9316051236970331,0.7822093939841603,0.10497949408171509,0.3104725565045205,0.5389718654293585,0.23066556749186456,0.38220071552589857,0.4751082496935061,-1.084229330444458,0.3907998938895036,0.8125405052291481,0.7251024627362597,0.639229509226449,0.36380210979923583,-0.46745089868232653
numHidden 	4
numGenes 	39
minGene 	-1.0
maxGene 	1.0
popSize 	80
maxEvaluations 	20000
mutateRate 	0.2
mutateChange 	0.2
seed 	1554663207184
random 	java.util.Random@2ceaf984
neuralNetworkClass 	class coursework.ExampleEvolutionaryAlgorithm
Training Set Training
Fitness 0.1051886176567902