0.49188738808881227,-0.1272188764616109,-0.029857456348873157,-0.9451262419989132,-0.4176011738510561,0.13457379969851502,0.8729881135551348,0.8512435851918506,0.4476860708439838,0.06085696415181552,-0.20817795451609222,0.5772387180898166,-0.9400216772388271,-0.33447537799068694,-1.1790558694333897,0.017986983586479988,0.8946967641449923,0.5092586573921013,-0.1265981577461044,-0.9306276768399285,-0.15166379057436674,0.46961772324778694,0.023071834097060595,0.5999562293187367,-0.524711344811118,-0.8691722139439171,0.751543713485796,0.13108909598040042,-0.4212130094875264,0.023237856169025406,-0.0877893364983443,-0.4060373551024171,-0.38877532414616245,-0.7893932750210373,-0.9746994901524799,0.4818100010793974,-1.0583137518426724,0.7940915223219063,0.9014075272413254,-0.1825888262662737,0.9136013495441825,-0.3049904318430068,-0.4825855521108583,0.6205164637586641,-0.7369871414468726,0.47415029211371396,0.5775223464111929,-0.8532474750247191
numHidden 	5
numGenes 	48
minGene 	-1.0
maxGene 	1.0
popSize 	200
maxEvaluations 	20000
mutateRate 	0.5
mutateChange 	0.12
seed 	1554656837226
random 	java.util.Random@76fb509a
neuralNetworkClass 	class coursework.ExampleEvolutionaryAlgorithm
Training Set Training
Fitness 0.015331909642947488