-0.18160281423344382,-0.5171863622067149,-0.5236997021871357,-0.7215166868282793,0.6469549525144347,0.9046029306435879,0.027086949599504195,0.9032066803656982,-0.2492468817977147,0.8726784957212818,-0.5502481971793863,0.04910382265957791,-0.21348343427229322,-1.1877553384488162,-0.5526811014279245,0.7941173825723222,0.5275596637754051,-0.3405123440588108,-0.166035125644737,-0.24443979148803185,0.48976987008149475,-0.41750300978143495,-0.2161409286042647,0.6031576907427338,-0.1350280995514087,-0.08810871536549447,0.6253782087848191,-0.2431684475430681,-0.17099106498402472,-1.0672748307097568,-0.6927092708090793,0.5628692086885222,0.868518512222306,-0.5834835459467977,0.006395405279203126,0.4056400667023572,-0.3804801901031537,-0.4679999777054541,0.0014895926035374263,-0.6519655992622971,0.8725716242224832,-0.4545202260627166,0.18643328248894053,-0.07768252677293364,0.07339902074475635,0.22641596973324618,-0.16453415269401073,-0.18589441760119163
numHidden 	5
numGenes 	48
minGene 	-1.0
maxGene 	1.0
popSize 	200
maxEvaluations 	20000
mutateRate 	0.5
mutateChange 	0.12
seed 	1554582945429
random 	java.util.Random@76fb509a
neuralNetworkClass 	class coursework.ExampleEvolutionaryAlgorithm
Training Set Training
Fitness 0.02133541223325768