-0.892785014880261,-0.23454746581561337,0.18683081045759475,0.6011624480255933,0.6926196529293107,-1.1309074752429091,0.30508718981106225,-0.392799744798961,-0.19000511508220047,-0.285121903819448,0.35026537357559423,0.5208472743313508,0.6455381113546634,-0.824097916687234,0.577887049790152,-1.294045329742525,0.4140900277790686,-0.2882306619607863,0.7938483289782037,0.5642659751222547,-0.2526091611685176,0.34682530905314163,-0.3909036236555454,-0.07659130493105404,0.16652294514782018,0.6045347333869207,0.6331857287641316,-0.8605111623659116,0.5714619472028459,-0.7638923668938145,0.5382696348918772,-0.8911679369074337,0.006049228935970374,-0.05251268544914306,0.7567218609042605,-1.0943197614385072,-0.005410328815569743,-0.29267078780097533,0.3197262231417202
numHidden 	4
numGenes 	39
minGene 	-1.0
maxGene 	1.0
popSize 	80
maxEvaluations 	20000
mutateRate 	0.2
mutateChange 	0.2
seed 	1554660133745
random 	java.util.Random@735d91d6
neuralNetworkClass 	class coursework.ExampleEvolutionaryAlgorithm
Training Set Training
Fitness 0.011415692353406993