0.3278306892218208,-0.36085916557729025,0.21512800179754,-0.7637053910031658,-1.0215291196729561,0.7429687908455068,0.5731439692347882,-0.057730328010439314,0.2022169218536617,0.7577790288951337,0.873105524950436,-0.32131426287128795,0.6410545912478426,0.17748375051952447,-0.8695703806733397,0.8773788007371197,0.9957494065557457,-0.4844320632812864,0.5926644051725055,0.3193833648398061,0.09904445194284006,0.4724962654040883,-0.026312745085415923,0.00679026946021366,0.31184479336338733,0.062213114822527116,-0.20900273411407466,0.4632300890956871,0.24653156442603197,0.05900731812443416,0.9559106750375638,-1.181019181964679,0.393501710881629,0.5010925713336855,-0.13033155988072997,0.4730259157431346,0.8414828912426896,-0.2151692152592387,-1.1358300856473447,-0.8167817269373774,-0.46087393205346217,0.5436055246801886,0.014248995980324697,0.8770324943311681,0.08483085839409754,-0.532070716555011,0.139112114632438,0.379216569775246
numHidden 	5
numGenes 	48
minGene 	-1.0
maxGene 	1.0
popSize 	200
maxEvaluations 	20000
mutateRate 	0.5
mutateChange 	0.12
seed 	1554579392888
random 	java.util.Random@76fb509a
neuralNetworkClass 	class coursework.ExampleEvolutionaryAlgorithm
Training Set Training
Fitness 0.01564283135726314