-0.6249944464937593,-0.283102198799289,-0.410764503162389,-0.42831026311581066,0.3199091841979045,0.29276870718961323,-0.5730721343056997,0.5403233838863095,-0.25268246655978,-0.15843692067429457,0.3682049720699938,0.20252514395567453,0.737133582281059,-0.772220752437921,0.08937517385472196,0.9021739134565487,0.7153987480121033,0.43986765104233405,0.09203154930332702,0.21008376247008484,0.6583397996172065,0.3644890951367026,-0.1525313255038068,0.11378316934119014,0.10218392503611008,0.77102884485867,-0.09140229519455523,-0.6415349917085102,0.4675647302109338,-0.47344791803525665,0.7204514113091931,-0.5934422845228762,-0.7299139263709356,0.1636800250601354,0.5552580833231346,0.634447145132661,0.7595146963471373,0.5128874253625018,-0.10424017066277605
numHidden 	4
numGenes 	39
minGene 	-1.0
maxGene 	1.0
popSize 	60
maxEvaluations 	20000
mutateRate 	0.05
mutateChange 	0.02
seed 	1554140846941
random 	java.util.Random@541def48
neuralNetworkClass 	class coursework.ExampleEvolutionaryAlgorithm
Training Set Training
Fitness 0.1187308401255334