-0.09784036118247674,0.05336410576709372,0.5381676405044629,-0.5592105579140738,-0.840994970051822,0.7681759621038168,0.3323016307484268,-1.182653635849733,-1.007367185972102,0.5541777592739298,0.0015185430512535403,0.7784478338795481,0.5088087427663059,-0.4036173143635494,-0.637604196901027,-1.0273090523924795,0.4154121206949951,-1.1525555744315783,-0.9423169671152342,-0.4592280890357354,-0.6837087113401823,0.44816882036700467,0.11499836688465093,0.05574692745996157,-0.3584657094878013,0.4336574783627861,-0.9657547901563525,0.34417039654434456,0.07534818566751933,0.3666869617261401,-1.0415793738514867,-0.7352470343227124,-0.3046808714736805,6.311824610319983E-4,-0.3836871727666178,0.29313637944230675,0.6519029929099903,0.4174364294767502,-0.758084181522408,0.49583370027168183,0.29457538963489427,-0.5681362555463294,-1.1857854753416706,0.7733380023707379,0.7111467722541476,0.5614135834054116,-0.3976756677519294,0.35185463890685076
numHidden 	5
numGenes 	48
minGene 	-1.0
maxGene 	1.0
popSize 	200
maxEvaluations 	20000
mutateRate 	0.5
mutateChange 	0.12
seed 	1554582701154
random 	java.util.Random@76fb509a
neuralNetworkClass 	class coursework.ExampleEvolutionaryAlgorithm
Training Set Training
Fitness 0.012139559078424641