0.8215035877840877,-0.8807275641793892,0.23701636256072567,-0.00927870812599385,0.12085154837185208,-0.5754127078817974,0.21263703789272348,0.88422830213242,0.9337834307010082,-1.2175883771345046,-0.9328923157037221,0.5112648495449179,0.10333903683814522,-0.3477195316505514,0.6680267021692927,0.7934950301970953,0.3064923739370279,-0.9257482256082659,0.9160819908735567,-0.28029504809303196,-0.3224178025961901,-0.41342362884151734,0.6110446844786024,-0.5059804180321605,-0.31857736089879823,-1.0595732394784474,0.27863044330604514,0.19651635166413073,-0.676589436165997,0.7112081343445205,0.589490894638079,0.2700169827174308,0.7249625179683046,-0.0873837042196754,-0.5011374679879117,0.9597302547247095,0.8461288431100107,-0.9612519066118634,0.34516693980632196
numHidden 	4
numGenes 	39
minGene 	-1.0
maxGene 	1.0
popSize 	80
maxEvaluations 	20000
mutateRate 	0.2
mutateChange 	0.2
seed 	1554665458815
random 	java.util.Random@27b77b56
neuralNetworkClass 	class coursework.ExampleEvolutionaryAlgorithm
Training Set Training
Fitness 0.09770184343941486