-0.8035028182322248,0.811529120407724,0.5495743661614343,-0.1907208727465175,-0.28737320589610027,0.31109155300082314,-0.127442083760277,0.6827703885195219,-0.7042231043447504,0.3057785752128268,0.7072709193640552,0.9137176770955395,0.3312860760052814,-0.3475946124378404,0.2376944198221922,0.7322520858448407,0.40292519167925045,-0.1493226159146286,-0.8350977172593363,-0.3406596702341551,0.21602051483526008,-0.8622571129191181,0.09666250560853817,-0.01872441734747965,-0.844191204976303,0.9908577463219641,0.6692359283559361,0.45089835063993045,0.22972538585855107,-0.47010933086107975,-0.1632486359681935,-0.58002043244802,-0.44179416068719757,0.8923464679313577,-0.21634425582674743,0.2238853981919573,0.4058049615982964,-0.2731342303028226,-0.6009266545627321
numHidden 	4
numGenes 	39
minGene 	-1.0
maxGene 	1.0
popSize 	60
maxEvaluations 	20000
mutateRate 	0.05
mutateChange 	0.08
seed 	1554227779579
random 	java.util.Random@29aa06b0
neuralNetworkClass 	class coursework.ExampleEvolutionaryAlgorithm
Training Set Training
Fitness 0.05350256913439145