-1.15055456838128,0.05079228012513727,-0.3947390694931001,-0.7095300167961969,-0.12569837566821884,0.8526751502157776,0.9051686267939116,-0.16316046286597086,-1.0789287285729325,0.3519942234868839,-0.27753567178155,-0.22707351934827846,-0.14292298977303736,0.8519731609989387,0.7971325901482947,0.031556559841067006,0.4340720447188941,-0.2970299713710392,0.26569687550107407,0.7189451414433807,-0.031526052845121805,-0.11905084530360317,0.08419254485590734,-0.747013469337029,-0.8431299758758468,0.6641745201537771,0.05065578137961947,0.811049481556492,0.40663063012751804,0.7521987908799249,0.22622234925164264,-0.3665753248465671,0.7981068581269716,-0.2415111669461633,0.05682156541909879,-0.8279155702634119,0.36403133399585474,0.1277932211481772,-0.6471600673958541
numHidden 	4
numGenes 	39
minGene 	-1.0
maxGene 	1.0
popSize 	40
maxEvaluations 	20000
mutateRate 	0.5
mutateChange 	0.08
seed 	1554303538996
random 	java.util.Random@26500ce7
neuralNetworkClass 	class coursework.ExampleEvolutionaryAlgorithm
Training Set Training
Fitness 0.04211554117551378