0.8522106261138931,-1.0048068941152073,-0.4975376065578256,-0.2889807285227538,0.28405541398175793,0.8562113972553712,0.027014222158448425,0.9611850033233167,0.9170438197965022,0.8876159067540085,-1.0872681499835959,-0.09841364130340115,0.07925232803649897,-0.9666676994968194,-0.5787111724240964,0.6219540310202404,-0.40849961829626136,0.2306483841926079,0.26587585840562644,-0.014115941525624759,-0.004920630129170184,0.8019279437885521,-0.05603167653064929,-0.4490581520898155,0.363684979484734,-0.9295412823881234,-0.25282992084968847,-0.6623819799487201,-1.0140564143070188,0.34754630276424325,-0.7388754106246745,-0.1325878535744855,-0.8062511750970226,0.30491842227731597,0.7185620181866752,0.76852359200947,0.7429545514935487,0.9759585743651994,-0.018870380408499393
numHidden 	4
numGenes 	39
minGene 	-1.0
maxGene 	1.0
popSize 	40
maxEvaluations 	20000
mutateRate 	0.5
mutateChange 	0.08
seed 	1554303538996
random 	java.util.Random@26500ce7
neuralNetworkClass 	class coursework.ExampleEvolutionaryAlgorithm
Training Set Training
Fitness 0.028169716916690898