-0.6534556429708667,0.28754485001506414,-0.1343855254112596,-0.04048588363396277,-0.4826777015610873,0.8541270856667798,-0.2662525786609402,-0.24314006402758626,0.13621206482810866,0.7781026827102395,-0.3463655573030953,0.21688983153852548,-0.13919922723491696,0.14586187680341323,0.05383536304042069,-0.7336133531855831,-0.2795037993423066,-0.7892609667363906,-0.44279833524379764,0.4014234698611447,0.8642206901106715,0.05475271444704499,-0.6440501907188032,0.7000882881215835,-0.6370273382608937,-0.0860588742069206,0.3682761082249981,0.24392440835332052,-0.9091725991656541,0.19267749717813976,-0.6807815223992337,0.8465717480343374,0.31770333878699875,0.6391820577195844,0.2708913785997016,-0.4787966421287748,-0.408111285345784,0.8059770374077146,0.4179535840466846
numHidden 	4
numGenes 	39
minGene 	-1.0
maxGene 	1.0
popSize 	60
maxEvaluations 	20000
mutateRate 	0.05
mutateChange 	0.08
seed 	1554228700691
random 	java.util.Random@77c3d85f
neuralNetworkClass 	class coursework.ExampleEvolutionaryAlgorithm
Training Set Training
Fitness 0.1281552350200775