-0.978730805585412,-0.05278610545282514,-0.8621854477209976,-0.15399676668254458,-0.20273245022476516,0.4484470259718132,0.8784440423812165,-0.9303504269215959,0.865657058963651,0.5905750735822308,-0.7684437655216825,-0.3937780795011785,-0.46960525440406364,-0.7557762773536467,-0.30379517513604304,0.21529277896368337,0.39264988894925557,-0.8230448625564881,0.3264793877719825,-0.5763812493980849,0.3339446985257868,-0.7749884886642129,0.23390659463518637,0.06957228083047928,-0.4310819574057454,-0.23088106018968535,-0.09344784562494346,-0.28905658531451395,-0.9218602496568951,-0.9297676724178334,-0.8087560526767377,0.6524957778983769,0.12163099677609046,0.4347387306136892,0.3975161489338166,0.9446115497847554,-0.5695757959870453,0.924695831201723,-0.6998991296729316,-0.5229690743676216,0.5096095988948433,0.22751733905302696,-0.2741413636616985,0.02112661070948607,-0.2198158769267915,-0.3219679742484345,0.813247465073972,-0.20055066299798363
numHidden 	5
numGenes 	48
minGene 	-1.0
maxGene 	1.0
popSize 	200
maxEvaluations 	20000
mutateRate 	0.0
mutateChange 	0.02
seed 	1554147180407
random 	java.util.Random@76fb509a
neuralNetworkClass 	class coursework.ExampleEvolutionaryAlgorithm
Training Set Training
Fitness 0.07090271318139586