-0.15687337413606928,-0.3336375465146517,0.7965817459428448,-0.20789304225409078,0.41506721589689044,-0.503086348688518,-0.636929942399777,0.9490122863670216,-0.27342176125228446,0.28724497248512204,-0.4331561352648281,0.4427978142946525,0.34752799002766,-0.7888490751937196,-0.6198323327859852,-0.1609220516581027,-0.9347028558431454,-0.28143793747417667,0.2521574926956247,-0.19413161957645464,0.05519528255382555,0.04889847124822433,-0.7813660559650157,0.12451228158935801,-0.7717197315089315,0.41519962831856616,0.3982225485703488,0.27437545933427687,0.47691220874601514,-0.16906488071839365,-0.4669276910594726,-0.5834856388005449,0.052534304821930666,0.8027152786490139,0.7822764647739049,0.41966291252558974,0.007544287228985702,0.424041122178366,-0.12011569194230587
numHidden 	4
numGenes 	39
minGene 	-1.0
maxGene 	1.0
popSize 	40
maxEvaluations 	20000
mutateRate 	0.0
mutateChange 	0.08
seed 	1554226565076
random 	java.util.Random@1c166344
neuralNetworkClass 	class coursework.ExampleEvolutionaryAlgorithm
Training Set Training
Fitness 0.12459676388679727