-0.2844420038556663,0.8870029484274016,0.5740101172271761,0.1268787149787693,0.6309644253547018,-0.9723202773574169,0.2615840003273867,-0.8393868963846038,-1.0947101633923257,0.2576596374766392,0.4276232226031353,0.19884776896709155,0.3483344396171539,0.07991986238155624,-1.396927218254281,-0.28347463423700536,0.1351153068306034,-0.013057299941577671,-0.3443580786116599,0.9400368700109771,0.043105750078988425,-0.32122893741267694,-0.5175459530049431,0.7334448446487429,0.012785851865757647,-0.49449886283713756,0.6281864137228563,0.11605968651535797,0.26291329222887133,0.038375134841963365,-0.9779771902129444,0.21650738826402072,0.05637541128489404,-0.1587854156091303,0.6224453295218622,0.01725652917088133,0.4394384104419522,-0.2559869514292195,0.11709344568694002,0.4548995683930814,-0.1333390134759216,-0.7869144324387607,0.7456237653245115,0.31531242075434035,-0.02430587120132588,0.16724944119904006,0.5967041303997669,0.09914332132130127
numHidden 	5
numGenes 	48
minGene 	-1.0
maxGene 	1.0
popSize 	200
maxEvaluations 	20000
mutateRate 	0.2
mutateChange 	0.2
seed 	1554658711760
random 	java.util.Random@76fb509a
neuralNetworkClass 	class coursework.ExampleEvolutionaryAlgorithm
Training Set Training
Fitness 0.12312226397360264