0.23123951187135416,0.7709762023230827,-0.2110066030327793,0.6042678935514728,-1.1656706195279125,-0.4007625412785343,0.6125461017890281,-0.8099790338994476,-1.0904904044161094,0.1855549869954376,-0.312429207796763,0.08793772721351567,0.3851194698918192,0.12899008913542298,-0.2741547498272169,-1.1160860536588277,0.2397340572190626,-1.0527531891519009,-0.24847527052365614,0.45773575200402994,0.8663645768570837,0.6060021123605623,0.7005623823723375,-0.38610412066024435,0.8127197998947902,-0.5895528974635846,-0.526542168464599,-0.08923505917919106,0.8580191218009591,0.08681568893762137,0.8240501572045009,0.5096830694577862,-0.7430742395879222,0.9998794843540176,-0.0015981949956959118,0.8949896734375236,0.5937477057966696,-0.5069087881621215,-0.808353989892866,0.06796247851641823,-0.9548689574785661,-0.2187385929131732,-1.0929996154765642,0.7320902679011995,0.5870489101336981,0.511357462312148,0.25997498169392275,0.024056878010793592
numHidden 	5
numGenes 	48
minGene 	-1.0
maxGene 	1.0
popSize 	200
maxEvaluations 	20000
mutateRate 	0.5
mutateChange 	0.12
seed 	1554581425578
random 	java.util.Random@76fb509a
neuralNetworkClass 	class coursework.ExampleEvolutionaryAlgorithm
Training Set Training
Fitness 0.0316814074035438