-0.13237443228247475,0.7357636377607554,-0.8909090929082281,0.6090644871503699,-0.9554048561964886,-0.012796160631242365,0.7436562044157411,0.6647639809703509,0.02199357205912547,0.13898760965615614,-0.5843397160099177,0.21328513460887183,0.7288524689384255,-0.7612379038094766,0.47181138241559734,0.5604650087667835,0.9622875896264829,-1.017302321117735,-0.4242583252433511,-1.0734919031010828,-1.000978357141909,0.11862510016830409,0.4441280210220031,0.5023044902793006,0.138564271404443,-0.04444021948914491,-1.0163786727153123,0.18117922751235987,-0.21003458243867335,-0.22290449245384947,-1.159459856021603,0.6676570449426077,0.264762555029929,0.6999793201747629,-0.002762442445892216,0.8499049566394997,0.6719435401621103,-0.23449414980053856,-0.9664971730980007
numHidden 	4
numGenes 	39
minGene 	-1.0
maxGene 	1.0
popSize 	40
maxEvaluations 	20000
mutateRate 	0.5
mutateChange 	0.08
seed 	1554301366724
random 	java.util.Random@26500ce7
neuralNetworkClass 	class coursework.ExampleEvolutionaryAlgorithm
Training Set Training
Fitness 0.03944482266357134