0.9940994428703469,-0.37524695371333894,0.4255446690877782,-0.8421071403772447,0.4163054895859859,-0.264141900881824,-0.4812979959220265,-0.7945342937270361,0.8847305533856074,-0.8524600837209992,-0.2645392984497834,-0.791321845911948,-0.5650922367205138,-0.22482886920741718,-0.3457976461707113,-0.7677008577325946,-0.678119182269965,0.3987234792481211,0.8026429609305774,-0.4915730603080557,0.7419337015070799,-0.46441703543729074,-0.7585277870742524,-0.34254524310723666,0.03781414500372238,-0.6196248657141599,-0.20199427239550194,-1.0182179477470894,-0.9143420583239983,0.2306626100311742,0.6634353513734876,0.8255879167399014,-0.945503238060631,-0.7819551421816411,0.7638928593391663,-0.6743620841298141,-0.2630801057870753,0.7494126541712287,-0.5455706911242435
numHidden 	4
numGenes 	39
minGene 	-1.0
maxGene 	1.0
popSize 	60
maxEvaluations 	20000
mutateRate 	0.05
mutateChange 	0.02
seed 	1554140472412
random 	java.util.Random@1c166344
neuralNetworkClass 	class coursework.ExampleEvolutionaryAlgorithm
Training Set Training
Fitness 0.06383942659942463