0.3557624957834219,0.37149898921366087,0.6346854994852434,0.45843567553352654,-0.6514051296054043,0.1852189029082133,0.8332129193971161,0.3718651342707936,0.4994583909618408,-0.33500559550111325,0.527937417533225,0.39952125495583357,-1.0130449844798148,-0.9710146462502541,-0.27669272657723976,-0.25441014507130055,0.1304000989750242,0.14156345318372426,-0.3270201601743516,-0.7903955282590475,-0.14795963197385925,-0.1799017917750489,-0.6013885838886867,0.5359813185782246,0.5637195548965414,-0.7067421763830946,-0.8823346360030575,-0.8217934368745164,0.29996594484732325,-0.225538284234368,0.9481909182524257,-1.0111511845021615,0.7370553784988961,0.8398214979340094,0.13735172133521484,-0.5764745327756596,0.33768093879977407,-0.6518870541274372,0.4818126051080511
numHidden 	4
numGenes 	39
minGene 	-1.0
maxGene 	1.0
popSize 	40
maxEvaluations 	20000
mutateRate 	0.5
mutateChange 	0.08
seed 	1554300374670
random 	java.util.Random@22221278
neuralNetworkClass 	class coursework.ExampleEvolutionaryAlgorithm
Training Set Training
Fitness 0.023789120876444473