0.0422941794677516,0.656920740169735,-0.26685672975648966,0.7009667947506864,-0.11184413269978855,-0.94208390055516,-0.9675049859823197,-0.9424580552126844,0.4621975160431926,0.031028801460640354,0.17118260104771776,0.8647009307388351,-0.9989106482477124,0.8828176023416494,-0.4411065958929208,0.41659247540154243,-0.5115348681605569,-0.1996270089999157,0.7422265473614857,-0.02747491369046995,0.9354693856473943,0.9158598183415967,0.9343437719940266,-0.091300239547488,-0.8742265368257223,0.4590963283721414,0.4327700485874708,0.26427521047866187,0.9662506662357417,0.757249837974882,-0.6318490843463906,-0.4155242595543607,-0.9834583237559515,0.7571560933805574,0.02087100175684653,-0.7491304221521218,-0.10853844507538324,0.18034912291064154,-0.9064955174873606,0.4733276448699717,-0.4084425140558354,0.5026889236834344,-0.6707795459724473,-0.2375803255654938,0.01708757506024705,-0.09673871323702343,0.5702064787440715,0.4114980203326455
numHidden 	5
numGenes 	48
minGene 	-1.0
maxGene 	1.0
popSize 	200
maxEvaluations 	20000
mutateRate 	0.0
mutateChange 	0.02
seed 	1554147823686
random 	java.util.Random@76fb509a
neuralNetworkClass 	class coursework.ExampleEvolutionaryAlgorithm
Training Set Training
Fitness 0.07866013263473945