0.48540342341536713,0.848542996659581,0.3430760626042518,-0.7034618905214773,0.6890084045348575,0.7257101498682772,0.1839787385623659,0.7348789318056004,0.16102133994672707,0.01314837895906823,0.8038316458070065,-0.39521219656770773,0.614019948559787,-0.007130402064477903,0.6015326097251814,0.8608330547359622,0.0859290103601501,-0.37602945644929847,-0.321884389847743,-1.085137570092361,-0.12702247114936488,0.7490372240525311,-0.22023790242427677,0.4368688489554104,-0.28805734093756186,0.24845946455523155,0.22076908748100366,-0.4602413473615296,-1.3378201004145882,0.526456443849886,-0.9831429125387325,-1.0804815404552408,0.725831521000526,0.6411305085091261,0.3533412813270942,0.8070434838582579,0.9449942506995828,0.531881429646311,-0.28066875978799033
numHidden 	4
numGenes 	39
minGene 	-1.0
maxGene 	1.0
popSize 	80
maxEvaluations 	20000
mutateRate 	0.2
mutateChange 	0.2
seed 	1554663517873
random 	java.util.Random@7274b9a2
neuralNetworkClass 	class coursework.ExampleEvolutionaryAlgorithm
Training Set Training
Fitness 0.10025501651219645