-0.29221645711986055,-0.5438194482807379,-1.2206489977575505,-1.2860590565932863,0.25136657562141684,-0.6199407893666584,0.8302609762580038,-1.3496764695154682,-0.6716165196330652,-0.12688607352104764,-0.7064580881769287,-1.1329537419768265,0.5916371088364742,-0.6778984540635835,0.06575552383706368,-0.5507745637677224,-0.4443005822024328,-0.9162044046576352,-0.9376799307391839,-0.4228297911856788,0.5362550164031351,0.21095437962677255,-0.10292018022326149,0.15510294993509965,-1.2359466913244213,-0.890776647583265,0.9023831998892287,-1.106597307842908,0.7393498914747796,-0.7012364647987608,-0.5559738193417044,0.408203239545827,0.6352971040351694,-0.5748991144300872,0.6092476812073282,-0.09587127822623848,-0.036178736313513704,0.39689361313393484,-0.26770903132762564
numHidden 	4
numGenes 	39
minGene 	-1.0
maxGene 	1.0
popSize 	80
maxEvaluations 	20000
mutateRate 	0.2
mutateChange 	0.2
seed 	1554662913984
random 	java.util.Random@2ceaf984
neuralNetworkClass 	class coursework.ExampleEvolutionaryAlgorithm
Training Set Training
Fitness 0.0246506400084506