-0.09793989107564788,-0.33351875199587816,-0.9215110201720114,-0.715939600085653,0.712642078859623,-0.6488388464930135,-0.5345209841607543,0.7431619321843494,-0.06867025784619907,-0.1223471730706428,-0.5440016631651845,-0.11161814327079189,0.4735403713626765,-0.698111109819274,-0.15496378612961415,0.0705950512655063,-0.5123112421577987,0.3581931033894698,0.22354271217995536,-0.9462354322455886,0.6231931305648419,-0.23010304216246774,0.046415083378242517,-0.1267977147716131,0.5703442290611023,0.675315865264899,0.5345601275290679,0.10719378572116789,0.6153113994285957,-1.0059022139636662,-0.3314351236096011,0.6840695455525483,-0.23979971927820537,-0.3437784582032703,-0.2556024807797874,0.5003211655426754,-0.32278227913329055,-0.27431145898137194,-0.31304826753784715
numHidden 	4
numGenes 	39
minGene 	-1.0
maxGene 	1.0
popSize 	80
maxEvaluations 	20000
mutateRate 	0.2
mutateChange 	0.2
seed 	1554664869581
random 	java.util.Random@20734173
neuralNetworkClass 	class coursework.ExampleEvolutionaryAlgorithm
Training Set Training
Fitness 0.038355528481449463