-0.36609182003577345,-0.31817421023176434,0.14581870927215174,-0.26772596320898345,-0.1187795585536194,-0.03147615885815261,-1.0890904730645534,-0.8673455833879177,-0.18905095339032835,-0.2811526604818712,0.07742316129133166,-0.369135348827049,-0.3927737893343748,0.09946397404413455,-0.8319501327384045,-0.4121935857906467,0.5411766858645601,-0.3242285721625227,0.31487204955524056,-0.2894283953794548,0.7925328216876043,-0.995106281909698,-0.4213766906380196,-0.5094016573959878,0.895704982813179,0.8378589186155181,-0.3316714510669194,-0.74907162767388,0.28716622757937427,0.04955150517942486,-0.3682159603560855,0.9181088437429837,-0.7515882285997155,-1.0471468979322638,0.9349507519913661,-0.625318758398219,-0.09775355167661808,0.7836445680546423,-0.5699687730425063
numHidden 	4
numGenes 	39
minGene 	-1.0
maxGene 	1.0
popSize 	40
maxEvaluations 	20000
mutateRate 	0.5
mutateChange 	0.08
seed 	1554299728855
random 	java.util.Random@6e9193ef
neuralNetworkClass 	class coursework.ExampleEvolutionaryAlgorithm
Training Set Training
Fitness 0.12030571359302161