-0.830765800238013,-0.24882952514076445,-0.5614704343492369,0.03604176342101631,0.7567241366188088,-0.0970815148916291,-0.5011619638285261,0.8539956286437683,-0.35239626614753566,-0.09769146705873495,-1.130358320148406,-0.8475916714078147,0.8422419246334635,-0.4946960110240281,-0.9307162313774399,0.3323245392865384,0.14601866041692274,-0.33177591132983636,0.08424920350750027,-0.8638889512694283,-0.294633090671714,-0.38523381952175184,0.4185364742059069,-0.8619808207658144,-0.9689565102525225,0.5677134711348251,0.449726812877651,-0.055698379842596416,-0.3349920579450462,-0.7835855291178068,-0.7029236472751799,0.7332286784992554,-0.3216951341616863,-0.31223822628742454,0.8742208084744549,0.3082380666179692,-0.24914016714556764,0.35753681199070775,0.15884896548981398
numHidden 	4
numGenes 	39
minGene 	-1.0
maxGene 	1.0
popSize 	40
maxEvaluations 	20000
mutateRate 	0.5
mutateChange 	0.08
seed 	1554301442331
random 	java.util.Random@7fa24ad0
neuralNetworkClass 	class coursework.ExampleEvolutionaryAlgorithm
Training Set Training
Fitness 0.012273939917296183