0.7389187485382429,0.35487442180047446,-0.19900806911294056,-0.3847589133832947,0.8476319997036086,-0.5271738497730598,-0.6548332150423328,-0.7633571779025308,0.9451871356341188,0.861396864560007,0.5342106554340975,-0.6304738740753855,-0.21503273239381926,-0.005418824775083264,-0.7459925557401026,-0.43600014420347466,-0.7850161829610969,0.7511858031032903,-0.06264339714153033,0.736340030552592,0.7909554582742884,0.9306442104380417,-0.9318261724040509,-0.6179436377357514,-0.8373634599453665,-0.8275938075747846,0.2759572736053231,0.11208245744229406,-0.23156489895895227,-0.2041475168585205,-0.9278726644705353,-0.20678342794459104,-0.2241329415014195,-0.14910470945698284,0.22379640083299934,-0.8840124809143792,-0.7059446591266794,-0.4812870157317113,0.40108075481873406,-0.9873948876771685,-0.6459873342530946,0.8467293271710921,-0.33708073813479755,0.49394488897174305,0.44968998062031784,-0.7036466168835245,0.8010810352189153,0.5891040326962096
numHidden 	5
numGenes 	48
minGene 	-1.0
maxGene 	1.0
popSize 	200
maxEvaluations 	20000
mutateRate 	0.0
mutateChange 	0.02
seed 	1554147048094
random 	java.util.Random@76fb509a
neuralNetworkClass 	class coursework.ExampleEvolutionaryAlgorithm
Training Set Training
Fitness 0.12492826460021897