0.9517199082922909,-0.07867138770980864,0.0989254262326904,-0.8839866564881875,0.20532622353769248,-0.1354084831935316,0.9844134076282147,-0.02661324663978415,-0.6111941895462503,-0.8495977902921654,0.9182499026807216,-0.24941521723590077,0.48439767248298193,0.4536772112507357,-0.16596357099861203,0.5322056050499968,0.5020627229061034,0.12838416049785262,-0.7787699185216272,-0.8952651181968654,0.8528387989857329,-0.4849989312549785,-0.6649277322721676,0.8166077183022353,0.6547060877751956,0.1399943375045165,-0.03748030668861513,-0.915169556451974,-0.381836654324226,-0.3480804842852705,0.6208168933956104,0.5372791526114573,0.07047023996835589,-0.8411870956466112,-0.6193558225822156,0.9135231255920078,-0.8056085331148783,-0.7460862593802893,0.8587422901399739,-0.19332453814474282,-0.6381040499788859,-0.5216543255976183,-0.5958255594058621,-0.33997085025392515,-0.6649274139396073,-0.8891556808898455,0.9100043698537537,0.22275374320726926
numHidden 	5
numGenes 	48
minGene 	-1.0
maxGene 	1.0
popSize 	200
maxEvaluations 	20000
mutateRate 	0.0
mutateChange 	0.02
seed 	1554147739698
random 	java.util.Random@76fb509a
neuralNetworkClass 	class coursework.ExampleEvolutionaryAlgorithm
Training Set Training
Fitness 0.10900620610012626