0.3739399610671821,-0.9203997411812277,0.8941625804526765,0.5871731887653393,-0.7557208335570915,0.7780043072614689,-0.6683299748717222,-0.9121279349575964,0.8187429709576899,-0.2117941517334021,0.25896318152405295,0.7375145855800229,0.8516716576111074,0.07912824248600803,-0.7831391068384961,0.693017463473635,0.44325558268987253,-0.7207621077345605,0.8485261148977055,-0.950438052097782,-0.7348963752271611,-0.7467879379202371,0.5930124049908971,-0.3271662058849427,0.4111531279948437,0.5750944282808852,0.4873940665172789,0.19005156346596785,-0.5662482410235123,-0.8236521624173494,0.6263968256591239,-0.34741043009281003,0.9202026783693174,-0.7971719158254456,-0.10949911438261495,0.286983648898425,0.009826322843785595,-0.313474050213016,-0.9419417758112756,-0.3755801171105462,0.4309613981176219,0.5417941905810606,-0.5763336845775866,0.5237484070545628,-0.06393740181032692,-0.474551437370879,0.6988559095121674,0.012550608508900885
numHidden 	5
numGenes 	48
minGene 	-1.0
maxGene 	1.0
popSize 	200
maxEvaluations 	20000
mutateRate 	0.0
mutateChange 	0.02
seed 	1554147642228
random 	java.util.Random@76fb509a
neuralNetworkClass 	class coursework.ExampleEvolutionaryAlgorithm
Training Set Training
Fitness 0.08669561545632112