0.12541301629309354,-0.06818461174588893,-0.5239917766099156,-0.5500727518849944,-0.8621525366352385,0.5254930759229341,0.11328008158658176,0.960563599422675,-0.3903700362536262,-0.7279717000646173,-1.0384885291632102,0.29714948037597466,-0.962155406907736,-0.8376520396931021,0.4522572068311188,-0.6057333048018727,0.3606879603206445,-0.4404659468462569,0.5817993003034284,-0.25062501256082864,-0.630949791706384,-0.46875583594189796,0.19740295223858584,-0.9056942780918873,-0.9191472129992491,-0.6177593696813355,-0.7895541061214071,-0.3566826528287983,0.430435691732898,0.5529679411806463,-0.036889430409249524,0.7661914986982616,-0.3303395202964057,-0.7988593836238373,-0.3991787484854583,-0.23199367868357923,-0.044576958260675204,0.3500367393449808,-0.33614588647066057
numHidden 	4
numGenes 	39
minGene 	-1.0
maxGene 	1.0
popSize 	60
maxEvaluations 	20000
mutateRate 	0.05
mutateChange 	0.08
seed 	1554229528259
random 	java.util.Random@1c166344
neuralNetworkClass 	class coursework.ExampleEvolutionaryAlgorithm
Training Set Training
Fitness 0.1349664572351137