0.3848399445886488,-0.5588582067198824,-0.0596168765780557,0.10548727473865516,0.7879513143798752,-0.02021156518939793,-0.9933400759125856,-0.40425290257630786,0.206277711780105,-0.7511815788800507,-0.18838337758451917,-0.3731947155711506,0.8716165108493839,-0.46970710546674,-0.1398939878729618,-0.37439409213815333,-0.29379682236940785,-0.07290536043152429,0.5643087411236315,0.5492840747945448,0.16639515097990132,-0.023859676208930702,0.6888315680191757,0.34606172833945203,0.7645676733818941,-0.38491724332803423,0.3276454102772637,-0.18868075830158038,0.7754828892011021,0.45128563557169554,-0.043802784315122745,0.7400081832129598,-0.4693394911435176,0.014742236901944206,-1.1444570921494597,-0.5242904583916399,0.13404346417689272,0.282002136258496,0.45136492359097613
numHidden 	4
numGenes 	39
minGene 	-1.0
maxGene 	1.0
popSize 	40
maxEvaluations 	20000
mutateRate 	0.5
mutateChange 	0.12
seed 	1554575119601
random 	java.util.Random@20734173
neuralNetworkClass 	class coursework.ExampleEvolutionaryAlgorithm
Training Set Training
Fitness 0.05426437252865192