0.6664450577568399,0.7392215071470174,0.3889079082126474,-0.5086971110752034,0.6257135502572777,-0.6343885782816243,0.7520275185287404,-0.07216484106195797,-0.846622244326453,0.9005966671767291,0.4634013157640551,0.5740369918646553,0.44860208281568115,-0.1849236939540324,0.2520773036716091,-0.9657272213232146,-0.2853173487567908,-0.03433162339349205,-0.901912402859238,0.8711812558073337,0.4810968539207976,-0.9769893310137778,-0.5245046417735848,0.6897789867777591,0.11263216014633226,0.11523596000992242,0.08515092590672246,-0.3748401302770805,-0.11287076337759583,-0.03008006450897094,0.2412818977387925,-0.07882347031894987,-0.9955109312092469,0.817517241410127,-0.8769598719384171,0.377415903911577,-0.7102937734284898,-0.031421109182931284,0.21960618030133405,0.5905681196410633,0.8714526410134891,-0.6533605709940717,0.9438511157874006,-0.9225505759224943,0.7141043842988037,-0.3721897672829526,0.6158023252358704,-0.002705619055492603
numHidden 	5
numGenes 	48
minGene 	-1.0
maxGene 	1.0
popSize 	200
maxEvaluations 	20000
mutateRate 	0.0
mutateChange 	0.02
seed 	1554144663302
random 	java.util.Random@76fb509a
neuralNetworkClass 	class coursework.ExampleEvolutionaryAlgorithm
Training Set Training
Fitness 0.09282072702400346