-0.5493147595905009,0.06444177803395723,-1.031039038948108,-0.6268608470611704,0.07546230077211558,-0.3881267229286457,-0.9511614112067036,0.5376902905543482,0.4613190244058185,-0.5241565918041102,0.6483955279077409,0.10659835766186498,0.1914966876380595,-0.5691019592137287,-0.5220406655714713,-0.827662112130119,-0.39366791871256746,-0.3943437154298495,-0.14823552891700165,-0.8285206167451101,0.9575904586525106,0.8156437309158616,0.5230921731361279,-0.07243490106179373,-1.052025041799006,0.110598987637606,0.17168244000720778,-0.6408419189702214,-0.9630233727089342,0.21978198461454768,-0.25490946541725157,0.9499128113129581,-0.826629799615522,0.3685769986447104,-0.37894893925934503,-0.8364697983260981,-0.5936981420266793,-0.7380500734793609,0.5158028426820895,-1.235022225221119,-1.1489451494741338,-0.4349158191741094,-1.1062806752153378,-1.1196313354291378,-0.49777951717623536,-0.9612144753697932,0.3764791570183694,0.03141094200155503
numHidden 	5
numGenes 	48
minGene 	-1.0
maxGene 	1.0
popSize 	200
maxEvaluations 	20000
mutateRate 	0.5
mutateChange 	0.12
seed 	1554577068429
random 	java.util.Random@76fb509a
neuralNetworkClass 	class coursework.ExampleEvolutionaryAlgorithm
Training Set Training
Fitness 0.10893444457046905