-0.8754075558736041,0.056325970444490836,-0.20145643706473093,0.9255990685934288,-0.19107068776393,-0.6561985462054472,-0.3527505019520024,-0.8006597819113295,-1.1885851597736865,0.5993380775028728,-1.0567507411733552,0.35092273057806944,0.9996793528482275,0.004222932005701785,-0.7396709598063648,-0.9752129345676915,-0.14674318393055252,-0.7981055875337103,0.5431464945682472,-0.35575919301914694,0.6381030566768082,0.1645713017287237,0.809258119107856,0.37008861586751174,-0.8301360991498348,0.5172088875493321,-1.0931001663476165,0.12004656718508,-0.11086303289852628,0.44571772770474294,0.8530533166036401,0.7312298270109908,-0.5748244149260349,-0.4972906692875737,0.4407857508523013,-0.06442192086813603,-1.1998146148542341,0.11286119440517006,-0.3881970800153923,-0.8918366754127259,0.004567597498725928,-0.748678809536189,0.4996078579745268,0.5409018895781135,-0.34583377484275646,0.9424004652091859,-0.21938749657038625,0.009270506969881742
numHidden 	5
numGenes 	48
minGene 	-1.0
maxGene 	1.0
popSize 	200
maxEvaluations 	20000
mutateRate 	0.5
mutateChange 	0.12
seed 	1554579084324
random 	java.util.Random@76fb509a
neuralNetworkClass 	class coursework.ExampleEvolutionaryAlgorithm
Training Set Training
Fitness 0.09931875784289948