-0.590459358032529,-0.3048162144232798,0.1708226454420938,0.28637777471573145,-0.6326817061540377,0.13361689585048397,0.0037331847087811454,-0.7637541527250085,-0.6765419532368837,-0.32347799012642664,-0.9510699265543983,-0.7120776179743618,-0.5066863782033852,-0.9224165213631417,0.624803893590993,-0.9243113471885658,0.13257627626557578,0.25850054721253946,-0.05418292489180998,-0.3791769582621001,0.3168380058953899,-0.7405329709873507,-0.24645391485877166,0.14400410029766042,-0.6051992627297311,0.8662852675421011,0.48486943176059305,-0.4811296589960177,0.6284755056415301,-0.7879525592155248,-0.1252787560184745,0.991098873853113,-0.2897493532794271,-0.9361406533785084,-0.3292722338846701,-0.9728139437247858,-0.2619112747759944,0.36806212141356554,-0.6746894418323304
numHidden 	4
numGenes 	39
minGene 	-1.0
maxGene 	1.0
popSize 	30
maxEvaluations 	20000
mutateRate 	0.0
mutateChange 	0.08
seed 	1554226209062
random 	java.util.Random@26ea013b
neuralNetworkClass 	class coursework.ExampleEvolutionaryAlgorithm
Training Set Training
Fitness 0.10223282300004265