0.6283463582634305,-0.9352202950328594,0.7851076431225414,-1.1174879187581845,0.0106328441787579,0.6831290365056776,0.6828811329688058,0.30257317760528357,0.6774135713316174,0.3903775580617779,0.2709008820666712,-0.3016336035520739,-0.08795630254619924,0.9598380430570523,0.7655456679222327,-0.9067857916395282,0.2957205591093044,0.3666430288208429,0.22938533428403787,0.39909495361785285,-0.4892087216714175,0.5776072505328937,-0.3713962998326188,0.4242752612990338,0.5567624135857325,-0.10862029283519883,-0.885932916757259,0.3959365973710599,-1.1755667904383318,0.7794845654200289,0.5700935905822173,-0.8951616355733762,0.9989667003849698,-0.15513575601775695,0.2066185233517546,0.0013280017431545332,0.20060094325743014,0.1930539830152622,-0.4854074756530591
numHidden 	4
numGenes 	39
minGene 	-1.0
maxGene 	1.0
popSize 	40
maxEvaluations 	20000
mutateRate 	0.5
mutateChange 	0.1
seed 	1554398248279
random 	java.util.Random@128a444f
neuralNetworkClass 	class coursework.ExampleEvolutionaryAlgorithm
Training Set Training
Fitness 0.015105468625465537