-0.34927105371741507,0.08698890679339044,-1.0960472114851973,0.7377788421481282,0.30103597848430264,-0.18145104191150596,-0.6476311860027755,-0.13401711620197854,0.4529615075636685,0.4915082330390794,-0.8204935778445029,0.5465447526145144,0.08938006368533469,0.6640149904398377,0.6271495596269562,0.8077946543250373,-0.2023173348627031,-0.11272220754857198,0.3780673806586291,0.8076263507051523,-0.08481532595040753,0.11264014011485357,0.625145148664157,-0.1571461762124693,-1.0006463314386185,-1.1359846351197387,0.38540516144094794,-0.33064127146152555,0.7162975352327883,-0.24687435838476757,-0.09322917491910887,-0.9760501830068306,-0.6695948707377579,0.6675667975191344,0.9561317367773738,-1.0673181321831287,-1.0900133192999624,0.1767995151247317,0.08046988806346167,0.6267116989292536,0.17821229444978015,-0.14125544391855882,0.6385098477431461,-0.13440445615491903,0.8356017019902648,0.2697389380114996,0.8685601603877927,0.06926082896661556
numHidden 	5
numGenes 	48
minGene 	-1.0
maxGene 	1.0
popSize 	200
maxEvaluations 	20000
mutateRate 	0.5
mutateChange 	0.12
seed 	1554572412288
random 	java.util.Random@76fb509a
neuralNetworkClass 	class coursework.ExampleEvolutionaryAlgorithm
Training Set Training
Fitness 0.11015399040212331