-0.800838828445632,-0.9114084901486919,0.6713244030579204,-0.7293802882547248,-1.2147272611843385,-1.1182164544990494,0.7896422637793447,0.46386594796200264,0.44292379502805357,-0.6100417748698168,-0.8838156172217247,-1.156360809803048,-0.36899468581286576,0.5787312604577728,0.3424044503740702,-0.452078620852459,0.27421587803130454,0.3998878705275486,0.7897327911819424,0.35874373729888653,0.06407230153362442,-0.31957608793792835,0.15865524850874013,0.05318183667606957,0.23560877334215968,-0.12004656115695866,0.07524923738317901,-0.22343384814186862,0.028789256805561103,-0.5495494245634069,-1.142008568754724,0.5597272959681902,0.08186311202117325,-0.17637940744785197,0.8371049353310465,0.4346726408417768,-1.1154044425774108,-1.0749756943258246,0.7506676692936187,-1.00183050815531,-0.4174917361834124,0.6504070341980728,0.856155946438206,-0.5497118288351384,0.0689685014860324,-0.02148833680784723,-0.4869494206751088,0.13503602242128554
numHidden 	5
numGenes 	48
minGene 	-1.0
maxGene 	1.0
popSize 	200
maxEvaluations 	20000
mutateRate 	0.5
mutateChange 	0.12
seed 	1554581242164
random 	java.util.Random@76fb509a
neuralNetworkClass 	class coursework.ExampleEvolutionaryAlgorithm
Training Set Training
Fitness 0.0160928422351091