0.32008978630801843,-1.0099469514446997,0.028036229371088295,-0.4420751916220039,-0.21040440795719217,-1.0395272295805054,0.34717948369852636,-0.14743370538921519,-1.0797512759316548,-0.2273325279544124,0.3634177914842377,-1.1002038421716533,-1.1929571933619267,-0.4218180820586612,-0.9301626306043206,-0.998253539233264,0.8669521679787509,0.6389975374382937,0.10370813759632402,-0.41021818365717566,-0.5407702241830086,-0.6437886116220949,-0.9686978852832199,0.35978261801134315,0.03081052945299989,0.14531849581646972,-0.3706680067133401,-0.39877987741094734,-0.7637237435806752,-0.12281925808592986,-0.2368700746731628,-0.04116587815312611,-1.1362098907539941,-0.7311536819987415,0.49488942870792396,0.5920523772407298,0.022863045876987176,0.015959619765119393,0.2509960167284677,0.9261190399975792,0.35676688111428734,-0.39141952220469334,-0.8043243901700843,0.44022768145278435,-0.8881378578943969,0.22481016229962225,0.39889287695648434,0.09178218356023549
numHidden 	5
numGenes 	48
minGene 	-1.0
maxGene 	1.0
popSize 	200
maxEvaluations 	20000
mutateRate 	0.5
mutateChange 	0.12
seed 	1554577527480
random 	java.util.Random@76fb509a
neuralNetworkClass 	class coursework.ExampleEvolutionaryAlgorithm
Training Set Training
Fitness 0.015727459008932368