-0.4851225837637656,-0.63291158605209,0.9641877770492037,0.5261703762290167,0.26438206974910894,0.6609436958624584,-0.8865202542536875,0.7553337696213853,-0.44707096643401767,-0.8567779963293898,-0.492427947805262,0.30223933522982527,0.7061728193518673,-0.09574422359570445,-0.5075921638813549,0.2864650770947035,-1.238722642779674,-0.45432114368034693,-0.455390522247868,0.12366351157638811,0.263968745402668,0.8009751715207369,-0.4916456437146225,0.39490843872796855,-0.40764337453775945,0.19426593167855477,-0.1810623250353548,-0.003682245355926317,-0.2630106388369128,-1.0775539086985622,-0.08919241601977623,0.5076952775725363,0.6063740970088697,-0.3388302086553795,0.32387400632013796,-0.6594249664336548,0.7994582168204742,-0.9769239301855112,-0.28959184185331266,-0.5998088981885181,-0.32866530300421604,-0.7829630024338958,0.6858648135721829,-0.15746093178767284,-0.3043015242535829,0.790100040071886,-0.41952354303060513,-0.4131675325440177
numHidden 	5
numGenes 	48
minGene 	-1.0
maxGene 	1.0
popSize 	200
maxEvaluations 	20000
mutateRate 	0.5
mutateChange 	0.12
seed 	1554576808279
random 	java.util.Random@76fb509a
neuralNetworkClass 	class coursework.ExampleEvolutionaryAlgorithm
Training Set Training
Fitness 0.05599398481683076