0.9317517415406145,0.5179257982255012,-0.5993055155398848,-0.2813922320030451,0.8379800880191606,0.5797389729164684,-0.5193848867474069,-0.8517059162405403,0.9813449986447165,0.9921575752832474,0.14013703088032425,0.44330729065861063,0.8286476662245024,0.06752077156440284,0.8831120971485398,0.4711555579795188,0.20578070181890062,0.043273842837074694,0.28853808657895574,-0.18510796310039135,0.013204870238050503,-0.6359851116624096,0.40057676222117666,-0.6999555069462196,0.2909599289482534,0.5996375973091055,0.841508406714774,-0.8537511671523446,-0.900488881611671,-0.05192445190583661,-0.08398086009012484,-0.783339017212628,0.48553899568502445,-0.3814473011940742,-0.8208075616386421,-0.925684273860697,0.9479417430774828,0.7790757159020367,-0.22327607148179762,-0.3649434759266821,-0.9029647679618604,0.6853273828733806,0.5477471638907856,-0.8442067869328018,0.41747382767726826,0.4153717274313644,0.953079871558252,0.40457619410491885
numHidden 	5
numGenes 	48
minGene 	-1.0
maxGene 	1.0
popSize 	200
maxEvaluations 	20000
mutateRate 	0.0
mutateChange 	0.02
seed 	1554144193341
random 	java.util.Random@76fb509a
neuralNetworkClass 	class coursework.ExampleEvolutionaryAlgorithm
Training Set Training
Fitness 0.1103992041145293