0.30601661609219666,-0.6316823099871007,0.2694612709910793,-0.012948589653654974,0.5640965384087564,0.4848019049083159,0.8735693207812578,0.7258651922384709,-0.5026208347861432,-0.9225155530875306,0.4412775784118943,0.3466206345788916,0.5470144663526118,-0.23949025693267156,0.6486992232231943,0.8615701161050038,-0.18115435101898525,-0.059002833049251135,0.11617979398134715,-0.5787677754975231,0.2670594122602845,-0.8903725815949153,-0.9280709653034969,0.26122151082816236,-0.02845088956226771,0.07507113681520772,0.9826217854617512,-0.5431828152707101,-0.63796334048754,0.8553768545110259,-0.49760818949905783,-0.5131399786072608,0.7139276758279587,0.7224450568691632,0.3474754530761077,0.7197390603974216,-0.2198401377898278,0.8695100017994246,0.36644268703113525
numHidden 	4
numGenes 	39
minGene 	-1.0
maxGene 	1.0
popSize 	60
maxEvaluations 	20000
mutateRate 	0.0
mutateChange 	0.02
seed 	1554143030662
random 	java.util.Random@541def48
neuralNetworkClass 	class coursework.ExampleEvolutionaryAlgorithm
Training Set Training
Fitness 0.11969812352210384