0.6527453781965016,1.6778298393597793,1.6992841354817911,0.6222090139398486,1.720447151398403,1.4974776044490472,1.594696031452478,-0.6366660879529544,-0.27837096369622844,-1.4424710130960903,0.1786345815693136,1.0815612429886203,-0.012194970691486673,-0.893130772908294,1.6885838298807547,1.8327584035233593,-1.5468286392826756,1.3734628728234226,1.0248851769959584,-1.5078926164058328,-1.4822727588226243,1.728410878583334,0.8141473003065347,-1.4081921736261565,-1.224322560625385,0.1317780578475971,1.6885383631682491,-0.01539524007134696,1.2667625218092324,1.0750577629799571,0.20461729132068768,-0.5203503518951571,1.0964358070587996,-0.19532596119627021,0.22614333371438816,0.17923548438458853,0.7840940625417443,1.905451099429138,-0.07891747416784345,-0.7480238176367362,-2.563154822656662,-0.15748673615556774,0.6738133679056071,0.11003375865712195,-1.6904190158410681,0.3046071095077592,0.38931283902403285,1.1150265462974385
numHidden 	5
numGenes 	48
minGene 	-2.0
maxGene 	2.0
popSize 	200
maxEvaluations 	20000
mutateRate 	0.2
mutateChange 	0.3
seed 	1554658043709
random 	java.util.Random@76fb509a
neuralNetworkClass 	class coursework.ExampleEvolutionaryAlgorithm
Training Set Training
Fitness 0.03722773642472942