-0.8364533271342951,0.6643841558277811,-0.290057394941183,-0.551352504575217,-0.12281401345038179,0.3776333336351202,0.9551876176286559,-0.34715703986035695,0.8359336196822155,-0.996584762036678,-1.1979838162196716,-0.8155545661131469,0.19511686993274857,0.7479794367959697,-0.8582313985157571,-0.1415795541895768,0.015509908452997045,-0.6892021075646735,0.904561330681791,0.023452822475955037,-0.6222112399750072,-0.21779292527375016,0.6706104870556526,-1.1467341073736597,0.1845490786751287,0.055478736367546966,-0.6065404655970028,0.1439094419655823,0.08648055317750547,-0.883036197950975,-1.090911162775061,-0.11414500323367682,-0.007816771785562948,-0.17852915436888084,-0.08597511316999962,0.8395057963779818,0.3965010487269286,0.416054680212271,-0.262793175861636,-0.24500807296681937,-1.2298613866647274,0.8239074165554106,-0.17549017593991545,-1.2181113344999406,-0.34628175097661806,-0.2989406633910203,-1.198535281927898,0.13176028309627352
numHidden 	5
numGenes 	48
minGene 	-1.0
maxGene 	1.0
popSize 	200
maxEvaluations 	20000
mutateRate 	0.5
mutateChange 	0.12
seed 	1554584335281
random 	java.util.Random@76fb509a
neuralNetworkClass 	class coursework.ExampleEvolutionaryAlgorithm
Training Set Training
Fitness 0.07113847739195572