0.6920675809062267,0.6596016719996117,-1.2169331174335685,0.500172840489806,0.6390566037393566,-0.11051394066861786,-0.6497955271028208,-1.1676942473209035,0.8473831218346801,0.641268678825514,-1.1510347511984886,0.38668675726556406,0.9688514195155233,0.6676398672075596,0.7995255639153258,-1.3304569745519783,-1.0121586680598862,0.6875964186176522,-0.9752151883741049,-0.3662044598117801,0.7615238623317588,-0.2639857280577822,0.13678636707412167,0.06583606980193668,0.45539580612300296,-1.2616837290465401,0.10127599782573216,0.4089775059590361,-0.6866942705220073,0.7045831895117811,-0.781796765258973,0.6743710835514882,0.5265340402259215,-0.696528681028243,-0.3123886863390833,-1.1875509394640418,-0.7956184675640645,0.5548166673273471,0.07450179107544325
numHidden 	4
numGenes 	39
minGene 	-1.0
maxGene 	1.0
popSize 	80
maxEvaluations 	20000
mutateRate 	0.2
mutateChange 	0.2
seed 	1554663292457
random 	java.util.Random@27b77b56
neuralNetworkClass 	class coursework.ExampleEvolutionaryAlgorithm
Training Set Training
Fitness 0.00951802903218017