-0.40937452763306204,-0.6136896042149871,-0.22437922928079135,-0.9850225992142962,0.06630364932417776,-0.6594002990391685,-0.6218619700527099,0.5487288840172624,-0.9523230393062381,0.27205251330751823,0.8008713743198359,-0.6272074838105546,0.09867246336470603,-0.01861371621992003,0.17433418531345435,0.11018596530472591,-0.7070754313628389,0.7078349983193801,-0.7056656166962847,-0.398335628919114,0.17230624460638544,-0.9240316472551562,-0.7011516308975572,-0.8309615841852369,0.2936159544436814,-0.8194864898388143,-0.06107922934183785,0.10334980207118938,0.18661235181993074,-0.3677994487123064,-0.8654667045518778,-0.3426259876162534,-0.0019921864008300982,-0.9685561655193591,-0.7465775940718995,-0.26375008830456226,0.5087351170652958,0.6598705654705512,0.8596161151356327,0.06062423846332066,0.7680465385073207,-0.31714523287615703,-0.027441068510810407,0.46862808044764925,-0.8151206572167464,-0.6155711214399444,0.8964429013980502,-0.2270044488987466
numHidden 	5
numGenes 	48
minGene 	-1.0
maxGene 	1.0
popSize 	200
maxEvaluations 	20000
mutateRate 	0.0
mutateChange 	0.02
seed 	1554146222559
random 	java.util.Random@76fb509a
neuralNetworkClass 	class coursework.ExampleEvolutionaryAlgorithm
Training Set Training
Fitness 0.12430243781549542