-0.1153888887758604,-0.47185900025083194,-0.5098616254784908,-0.028885179097152047,-0.417213787207247,-0.03426091275624088,-0.24892309677141677,0.4310931146624498,-1.1390515681419089,0.7352860078961556,0.3311191429793816,-1.0071947684379396,-0.4545382319872264,0.658939564041669,-0.04276618997125492,0.2496809666576657,0.7820977134582395,-1.0472558987627352,-0.774016195226048,0.48386881613994037,0.18133733113461925,0.7518484752085595,-1.036284392927222,0.02645018786578912,-0.2760968906177126,-0.15247650311367222,-0.16624291144671088,-0.4256723225418121,-0.19677828651467555,-0.4140959291412186,0.1789265690769415,0.3718760229090261,0.46034811732033765,-0.08466700948186845,0.6877345721106026,-0.506352636226375,-1.2317916939933555,0.3286369535328232,-0.504762252384415,0.7551251359318156,0.08584733615769313,-0.79138109331835,0.3345825762307353,0.8317245216017984,0.6096961530112486,-0.3104971407710352,0.5828546258027696,-0.13805964328667164
numHidden 	5
numGenes 	48
minGene 	-1.0
maxGene 	1.0
popSize 	200
maxEvaluations 	20000
mutateRate 	0.5
mutateChange 	0.12
seed 	1554571681310
random 	java.util.Random@76fb509a
neuralNetworkClass 	class coursework.ExampleEvolutionaryAlgorithm
Training Set Training
Fitness 0.019409873617174125